<?xml version='1.0' encoding='utf-8'?>
<!-- FreeCAD DocumentObject -->
<Document SchemaVersion="4" FileVersion="2">
<Object name="Body" Extensions="True">
  <Extensions Count="1">
    <Extension type="App::OriginGroupExtension" name="OriginGroupExtension">
    </Extension>
  </Extensions>
  <Properties Count="16" TransientCount="2">
    <_Property name="_ElementMapVersion" type="App::PropertyString" status="234881024"/>
    <_Property name="_GroupTouched" type="App::PropertyBool" status="100663424"/>
    <Property name="AutoGroupSolids" type="App::PropertyBool" status="134217728">
      <Bool value="false"/>
    </Property>
    <Property name="BaseFeature" type="App::PropertyLink">
      <Link value=""/>
    </Property>
    <Property name="ColoredElements" type="App::PropertyLinkSubHidden" status="218103808">
      <LinkSub value="" count="0">
      </LinkSub>
    </Property>
    <Property name="ExportMode" type="App::PropertyEnumeration" status="8">
      <Integer value="0"/>
    </Property>
    <Property name="ExpressionEngine" type="App::PropertyExpressionEngine" status="67108864">
      <ExpressionEngine count="0"></ExpressionEngine>
    </Property>
    <Property name="Group" type="App::PropertyLinkList">
      <LinkList count="3">
        <Link value="Sketch"/>
        <Link value="Revolution"/>
        <Link value="Boolean"/>
      </LinkList>
    </Property>
    <Property name="Label" type="App::PropertyString" status="134217728">
      <String value="Body"/>
    </Property>
    <Property name="Label2" type="App::PropertyString" status="128">
      <String value=""/>
    </Property>
    <Property name="Origin" type="App::PropertyLink" status="67108864">
      <Link value="Origin001"/>
    </Property>
    <Property name="Placement" type="App::PropertyPlacement" status="8388608">
      <PropertyPlacement Px="0" Py="0" Pz="0" Q0="0" Q1="0" Q2="0" Q3="1" A="0" Ox="0" Oy="0" Oz="1"/>
    </Property>
    <Property name="Shape" type="Part::PropertyPartShape">
      <Part HasherIndex="0" ElementMap="1.15.70200.3.0" brep="1">
<![CDATA[

CASCADE Topology V1, (c) Matra-Datavision
Locations 43
1
              1               0               0               0 
              0               1               0               0 
              0               0               1               0 
1
              1               0               0               0 
              0              -0              -1               0 
              0               1              -0               0 
1
              1               0               0               0 
              0               1               0               0 
              0               0               1               0 
2  3 -1 2 -1 0
1
              1               0               0               0 
              0               1               0               0 
              0               0               1               0 
1
              1               0               0               0 
              0              -0              -1               0 
              0               1              -0               0 
1
              1               0               0               0 
              0              -0              -1               0 
              0               1              -0               0 
2  5 1 6 1 7 -1 0
2  7 1 6 -1 5 -1 0
2  3 -1 2 -1 7 1 6 -1 5 -1 0
2  3 -1 0
1
              0              -0               1               0 
              1               0               0               0 
             -0               1               0               0 
1
             -0               0               1               0 
              1              -0               0               0 
              0               1              -0               0 
1
              1               0               0               0 
              0               1               0               0 
              0               0               1               0 
1
              1               0               0               0 
              0               1               0               0 
              0               0               1               0 
1
              1               0               0               0 
              0               1               0               0 
              0               0               1               0 
1
              1               0               0               0 
              0               1               0               0 
              0               0               1               0 
1
              1               0               0               0 
              0               1               0               0 
              0               0               1               0 
1
              1               0               0               0 
              0               1               0               0 
              0               0               1               0 
2  12 1 13 -1 14 1 15 1 16 1 17 1 18 1 19 1 0
1
              1              -0               0               0 
              0               1              -0               0 
             -0               0               1               0 
1
             -1           1e-15          -1e-30               0 
          1e-15               1          -1e-15               0 
             -0          -1e-15              -1               0 
2  21 1 22 1 15 1 16 1 17 1 18 1 19 1 0
2  3 -1 19 -1 18 -1 17 -1 16 -1 15 -1 22 -1 21 -1 0
2  15 1 16 1 17 1 18 1 19 1 0
2  12 1 13 -1 14 1 0
2  3 -1 19 -1 18 -1 17 -1 16 -1 15 -1 0
2  3 -1 19 -1 18 -1 17 -1 16 -1 15 -1 14 -1 13 1 12 -1 0
1
              0           1e-15               1               0 
             -0               1          -1e-15               0 
             -1               0               0               0 
2  21 1 29 1 15 1 16 1 17 1 18 1 19 1 0
2  3 -1 19 -1 18 -1 17 -1 16 -1 15 -1 29 -1 21 -1 0
2  14 1 15 1 16 1 17 1 18 1 19 1 0
2  12 1 13 -1 0
2  3 -1 19 -1 18 -1 17 -1 16 -1 15 -1 14 -1 0
1
             -0               0              -1               0 
          1e-15               1               0               0 
              1          -1e-15              -0               0 
2  21 1 35 1 15 1 16 1 17 1 18 1 19 1 0
2  3 -1 19 -1 18 -1 17 -1 16 -1 15 -1 35 -1 21 -1 0
1
              1               0               0               0 
              0               1               0               0 
              0               0               1               0 
1
              0              -0               1               0 
              1               0              -0               0 
             -0               1               0               0 
1
             -0               0               1               0 
              1              -0               0               0 
              0               1              -0               0 
2  38 1 39 1 40 -1 12 1 13 -1 14 1 0
2  40 1 39 -1 38 -1 0
2  3 -1 19 -1 18 -1 17 -1 16 -1 15 -1 14 -1 13 1 12 -1 40 1 39 -1 38 -1 0
Curve2ds 53
1 0 0 1 0 
1 0 0.84852813742385491 1 0 
1 0 0 1 0 
1 6.2831853071795862 0 0 1 
1 0 0 0 1 
1 0 7.8100505063388352 1 0 
1 0 3.1415926535897931 1 0 
1 6.2831853071795862 0 0 1 
1 0 0 0 1 
1 0 2.3561944901923448 1 0 
1 0 0 1 0 
1 6.2831853071795862 0 0 1 
1 0 0 0 1 
1 0 3.387005768508879 1 0 
1 0 0 1 0 
1 6.2831853071795862 0 0 1 
1 0 0 0 1 
1 0 0.69999999999999996 1 0 
1 6.2831853071795862 0 0 1 
1 0 0 0 1 
1 6.2831853071795853 3.3505318852964106 -1 0 
1 6.2831853071795853 3.3505318852964106 -1 0 
1 6.2831853071795853 3.3505318852964106 -1 0 
1 6.2831853071795853 3.3505318852964106 -1 0 
7 0 0  7 8 2  0 1.4618688527447101  0.09170342190595715 1.5053921234125816  0.18022153327726897 1.565581036618596  0.26435672129057508 1.6431640875064204  0.34324446567891442 1.7392880241638977  0.41652351061973292 1.8555489374561489  0.48415117820341091 1.9940561280371016  0.54628583465789138 2.1575459465626152 
 0.31880570601343972 8 1.0274099780729578 8
7 0 0  5 6 2  0.54628583465789327 1.19e-15  0.55233599990388871 0.040987987277093997  0.55831356018594036 0.082743249148153675  0.56421902680253133 0.12527934339954561  0.57005295661818689 0.16861033518526142  0.57581594373694855 0.2127508249565456 
 1.225942758242458 6 1.2889449893229927 6
7 0 0  6 7 2  0.5463683628200029 -2e-16  0.55938085657685288 0.50579214197743194  0.57054345208254631 1.0855398434902241  0.58017555977727397 1.7525900805581216  0.58852826671763125 2.5235671739653895  0.59580228419850434 3.4194570684119121  0.60216069941176886 4.4679322700720423 
 2.8943412839488856 7 3.6209571697038805 7
7 0 0  6 7 2  0.96863562738312836 4.467932270072045  0.97499404259639322 3.4194570684119139  0.98226806007727419 2.5235671739653895  0.99062076701756041 1.7525900805580932  1.0002528747123733 1.0855398434902384  1.0114154702180467 0.50579214197743183  1.0244279639748972 -3.9999999999999999e-16 
 -3.6209571697038303 7 -2.8943412839488345 7
7 0 0  5 6 2  0.99498038305795 0.21275082495653674  1.0007433701767114 0.16861033518525415  1.0065772999923688 0.12527934339954139  1.0124827666089597 0.082743249148146791  1.0184603268910093 0.04098798727709204  1.0245104921370045 5.9999999999999999e-16 
 -1.2889449893229872 6 -1.2259427582424545 6
1 0 -9.9999999999999998e-17 1 0 
1 0 2.1575459465626201 1 0 
7 0 0  7 8 2  1.0245104921370043 2.1575459465626214  1.0941546693918429 1.9742969426980301  1.1706999485116398 1.8224342210918962  1.2543686446766742 1.6981045897100557  1.3450685940819085 1.5984444205269028  1.4421763836598416 1.5213786971341392  1.5442104836514907 1.4655179887465519  1.6492791066851216 1.4301178410777264 
 -1.0274099780729551 8 -0.23316463508949165 8
7 0 0  7 8 2  1.4923135469046709 1.4301178410777229  1.5973821699383024 1.4655179887465484  1.6994162699303956 1.5213786971345939  1.7965240595067371 1.5984444205253112  1.8872240089142451 1.6981045897109652  1.970892705077631 1.8224342210911573  2.0474379841979529 1.9742969426980304  2.1170821614527915 2.1575459465626232 
 0.23316463508949092 8 1.0274099780729591 8
7 0 0  5 6 2  2.1170821614527906 2.9799999999999999e-15  2.1231323266987858 0.040987987277095093  2.1291098869808316 0.082743249148153009  2.1350153535974421 0.12527934339954627  2.1408492834130834 0.16861033518526025  2.1466122705318451 0.21275082495654363 
 1.2259427582424605 6 1.2889449893229941 6
7 0 0  6 7 2  2.1171646896149006 1.3899999999999999e-15  2.1301771833717504 0.50579214197743383  2.1413397788774802 1.0855398434902526  2.1509718865721084 1.7525900805580363  2.1593245935125651 2.5235671739654038  2.1665986109934017 3.4194570684119161  2.172957026206666 4.4679322700720467 
 2.8943412839488971 7 3.620957169703892 7
7 0 0  6 7 2  2.5394319541780241 4.4679322700720441  2.5457903693912889 3.4194570684119143  2.553064386872137 2.5235671739654464  2.5614170938123948 1.7525900805580079  2.5710492015072077 1.0855398434902952  2.582211797012941 0.50579214197743372  2.5952242907697913 1.99e-15 
 -3.6209571697038512 7 -2.8943412839488563 7
7 0 0  5 6 2  2.565776709852845 0.21275082495652814  2.5715396969716062 0.16861033518524776  2.57737362678726 0.12527934339953828  2.5832790934038563 0.082743249148145681  2.589256653685903 0.040987987277091117  2.5953068189318977 1.59e-15 
 -1.2889449893229907 6 -1.2259427582424611 6
7 0 0  7 8 2  2.5953068189318977 2.1575459465626214  2.6649509961867364 1.9742969426980288  2.7414962753075542 1.8224342210911573  2.8251649714686664 1.69810458971142  2.9158649208798124 1.5984444205253112  3.0129727104535959 1.5213786971348213  3.1150068104463848 1.4655179887465477  3.2200754334800159 1.4301178410777218 
 -1.02740997807296 8 -0.23316463508949362 8
7 0 0  7 8 2  3.0631098736995699 1.4301178410777216  3.168178496733201 1.4655179887465473  3.2702125967258553 1.5213786971345939  3.3673203863022536 1.5984444205255386  3.458020335709989 1.6981045897105105  3.5416890318724654 1.8224342210913278  3.6182343109928499 1.9742969426980292  3.6878784882476885 2.1575459465626219 
 0.23316463508949337 8 1.0274099780729604 8
7 0 0  5 6 2  3.6878784882476889 3.18e-15  3.6939286534936842 0.040987987277094629  3.6999062137757477 0.082743249148149012  3.7058116803923227 0.12527934339954583  3.7116456102079818 0.16861033518525717  3.717408597326743 0.21275082495653974 
 1.2259427582424633 6 1.2889449893229958 6
7 0 0  6 7 2  3.6879610164097962 1.19e-15  3.7009735101666461 0.50579214197743327  3.7121361056723856 1.0855398434902384  3.7217682133669427 1.7525900805581216  3.7301209203074848 2.5235671739653895  3.7373949377882973 3.4194570684119148  3.7437533530015621 4.467932270072045 
 2.8943412839488869 7 3.6209571697038818 7
7 0 0  6 7 2  4.1102282809729207 4.4679322700720459  4.1165866961861859 3.4194570684119148  4.1238607136670851 2.5235671739654322  4.1322134206071723 1.7525900805580363  4.1418455283022126 1.085539843490281  4.1530081238078402 0.50579214197743261  4.1660206175646906 5.9999999999999999e-16 
 -3.6209571697038196 7 -2.8943412839488238 7
7 0 0  5 6 2  4.1365730366477429 0.21275082495653855  4.1423360237665046 0.16861033518525531  4.148169953582169 0.12527934339954361  4.1540754201987582 0.082743249148144349  4.1600529804808026 0.040987987277090999  4.1661031457267983 -9.8999999999999992e-16 
 -1.288944989322985 6 -1.2259427582424514 6
7 0 0  7 8 2  4.1661031457267974 2.1575459465626228  4.235747322981636 1.9742969426980324  4.3122926021020476 1.8224342210913278  4.3959612982639555 1.6981045897111926  4.4866612476726004 1.5984444205253112  4.5837690372491124 1.5213786971347076  4.6858031372412823 1.4655179887465546  4.7908717602749125 1.4301178410777289 
 -1.027409978072954 8 -0.2331646350894942 8
7 0 0  7 8 2  4.6339062004944651 1.4301178410777238  4.7389748235280962 1.4655179887465495  4.8410089235194391 1.5213786971345939  4.9381167130982249 1.5984444205253112  5.0288166625041413 1.6981045897116473  5.1124853586682093 1.8224342210913278  5.1890306377877451 1.9742969426980304  5.2586748150425837 2.1575459465626223 
 0.23316463508949278 8 1.0274099780729578 8
7 0 0  5 6 2  5.2586748150425828 8.9000000000000007e-16  5.2647249802885785 0.040987987277093817  5.2707025405706318 0.082743249148150122  5.2766080071872281 0.12527934339955116  5.2824419370028766 0.16861033518526092  5.2882049241216382 0.21275082495654521 
 1.2259427582424571 6 1.2889449893229921 6
7 0 0  6 7 2  5.2587573432046932 1.19e-15  5.2717698369615436 0.50579214197743383  5.2829324324671347 1.0855398434902099  5.2925645401620613 1.75259008055815  5.3009172471022339 2.5235671739653611  5.3081912645831943 3.4194570684119179  5.3145496797964586 4.4679322700720494 
 2.8943412839488891 7 3.6209571697038845 7
7 0 0  6 7 2  5.6810246077678181 4.4679322700720459  5.6873830229810833 3.4194570684119148  5.6946570404618342 2.5235671739653185  5.7030097474023478 1.75259008055815  5.7126418550969333 1.0855398434901815  5.7238044506027368 0.50579214197743272  5.7368169443595871 5.9999999999999999e-16 
 -3.6209571697038281 7 -2.8943412839488323 7
7 0 0  5 6 2  5.7073693634426395 0.21275082495654363  5.7131323505614011 0.1686103351852602  5.7189662803770602 0.12527934339954716  5.7248717469936565 0.08274324914815101  5.7308493072756983 0.040987987277095059  5.736899472521694 2.8799999999999999e-15 
 -1.2889449893229878 6 -1.225942758242454 6
7 0 0  7 8 2  5.736899472521694 2.1575459465626228  5.7990341289761744 1.9940561280371101  5.8666617965598107 1.8555489374563763  5.9399408415019934 1.7392880241627608  6.0188285858903328 1.6431640875068751  6.1029637739011378 1.5655810366184824  6.1914818852736282 1.5053921234125862  6.2831853071795853 1.4618688527447148 
 -1.0274099780729546 8 -0.31880570601343949 8
1 0 0 1 0 
1 6.2831853071795862 0 0 1 
1 0 0 0 1 
Curves 72
2 0 -12 0 0 -1 0 1 0 0 -0 0 1 2.4000000000000026
2 0 -11.4 0 0 -1 0 1 0 0 -0 0 1 3
1 2.4000000000000026 -12 0 0.70710678118654624 0.70710678118654891 0 
2 0 -3.5899494936611651 0 0 -1 0 1 0 0 -0 0 1 3
1 3 -11.4 0 0 1 0 
2 0 -3.0949747468305819 0 0 -1 0 1 0 0 -0 0 1 3.205025253169417
2 3.7000000000000002 -3.5899494936611651 0 0 0 1 1 0 -0 -0 1 0 0.69999999999999996
2 0 -0.70000000000000007 0 0 -1 0 1 0 0 -0 0 1 5.5999999999999996
1 3.205025253169417 -3.0949747468305819 0 0.70710678118654768 0.70710678118654746 0 
2 0 0 0 0 -1 0 1 0 0 -0 0 1 5.5999999999999996
1 5.5999999999999996 -0.69999999999999996 0 0 1 0 
1 0.50565301704048471 1.7809496361272608 1.6000000000000001e-16 0.95589059604186599 0.29372294496468287 7.0000000000000003e-17 
1 3.9769146375225111 4.8287944817672397 1.8300000000000002e-15 0.71758644559759432 0.69646944878767714 1.5e-16 
2 -0 0 0 -1.1100000000000001e-15 2.8000000000000001e-16 1 0 1 -2.8000000000000001e-16 -1 -3.1080000000000003e-31 -1.1100000000000001e-15 3.3999999999922146
1 1.6270132839644911 0.67805523556056913 -1.8300000000000002e-15 -0.69646944878767714 -0.71758644559759432 -1.6000000000000001e-16 
1 1.6289793676675299 0.01108167697688053 1.7299999999999999e-15 -0.29372294496468354 -0.95589059604186588 -2.1000000000000001e-16 
1 1.7809496361272594 -0.5056530170404816 -3.5000000000000001e-15 0.29372294496468293 -0.95589059604186599 -2.1000000000000001e-16 
1 4.8287944817672335 -3.9769146375225066 -1.7199999999999999e-15 0.69646944878767725 -0.71758644559759432 -1.6000000000000001e-16 
2 -0 0 0 -1.1100000000000001e-15 2.8000000000000001e-16 1 0 1 -2.8000000000000001e-16 -1 -3.1080000000000003e-31 -1.1100000000000001e-15 3.3999999999922146
1 0.67805523556056357 -1.6270132839644769 -6.0000000000000001e-17 -0.71758644559759432 0.69646944878767725 1.5e-16 
1 0.011081676976869291 -1.6289793676675162 -1.6000000000000001e-16 -0.95589059604186588 0.29372294496468343 7.0000000000000003e-17 
1 -0.50565301704049648 -1.7809496361272505 -1.94e-15 -0.95589059604186599 -0.29372294496468299 -7.0000000000000003e-17 
1 -3.9769146375225146 -4.8287944817672281 -1.8300000000000002e-15 -0.71758644559759432 -0.69646944878767714 -1.5e-16 
2 -0 0 0 -1.1100000000000001e-15 2.8000000000000001e-16 1 0 1 -2.8000000000000001e-16 -1 -3.1080000000000003e-31 -1.1100000000000001e-15 3.3999999999922146
1 -1.6270132839644806 -0.67805523556057601 -1.7199999999999999e-15 0.69646944878767725 0.71758644559759432 1.6000000000000001e-16 
1 -1.6289793676675142 -0.011081676976877061 4.9999999999999999e-17 0.29372294496468315 0.95589059604186599 2.1000000000000001e-16 
1 -1.7809496361272501 0.50565301704049748 -4.9999999999999999e-17 -0.29372294496468326 0.95589059604186588 2.1000000000000001e-16 
1 -4.8287944817672335 3.9769146375225199 -4.9999999999999999e-17 -0.69646944878767725 0.71758644559759432 1.6000000000000001e-16 
2 -0 0 0 -1.1100000000000001e-15 2.8000000000000001e-16 1 0 1 -2.8000000000000001e-16 -1 -3.1080000000000003e-31 -1.1100000000000001e-15 3.3999999999922146
1 -0.67805523556057523 1.6270132839644962 6.0000000000000001e-17 0.71758644559759421 -0.69646944878767725 -1.5e-16 
1 -0.011081676976883561 1.6289793676675317 -3.3899999999999999e-15 0.95589059604186577 -0.2937229449646836 -7.0000000000000003e-17 
1 2.83e-14 3.330087052119004 -16.927531819153963 -1.6e-15 -0.10018806161207627 0.9949685182509117 
5 -0.34389870471141853 1.1191823569117227 -3.9795518147279942 -0.29237170472273688 0.951493126036841 -0.095810319810347308 -0.028141689292704001 0.09158418371047447 0.9953996095126012 0.95589059604186588 0.29372294496468321 6.9735883734267645e-16 0.62541683027991368 1.1692924760562395
5 -0.27381792139484268 0.89111177923310259 -6.4583789960707403 -0.29237170472273688 0.951493126036841 -0.095810319810347308 -0.028141689292704001 0.09158418371047447 0.9953996095126012 0.95589059604186588 0.29372294496468321 6.9735883734267645e-16 1.8784094972218948 0.91469497158666691
1 -0.98999999999997279 3.6312375312026228 -16.897207560446788 -1.6e-15 -0.10018806161207627 0.9949685182509117 
5 -0.14408320176190254 0.14845181336039664 -6.7592110715959093 -0.69465837045899759 0.71572045526185402 -0.072069260236348909 -0.050194037951345791 0.05171592428984944 0.9973996299021699 0.71758644559759421 0.69646944878767725 2.8449465006019631e-16 0.41601196673338814 0.20469247446503833
5 0.14845181336041344 -0.14408320176191908 -6.7592110715959066 0.71572045526185424 -0.69465837045899759 -0.072069260236346411 0.051715924289847677 -0.050194037951344042 0.99739962990217013 -0.69646944878767725 -0.71758644559759432 -2.7061686225238191e-16 0.4160119667334089 0.2046924744650486
5 0.89111177923311413 -0.27381792139485256 -6.4583789960707403 0.95149312603684111 -0.2923717047227371 -0.095810319810345518 0.091584183710473041 -0.028141689292702617 0.99539960951260142 -0.29372294496468332 -0.95589059604186588 2.2204460492503131e-16 1.8784094972219001 0.91469497158666946
2 3.3300000000000001e-15 1.7e-16 -2.9985061137858642 2.2e-16 -8.2999999999999998e-16 -1 -3.2999999999999999e-16 1 -8.3000000000000008e-16 1 3.3000000000000019e-16 2.1999999999999973e-16 1.9050000000000005
1 -16.897207560446788 0.99000000000002353 3.6312375312026228 0.9949685182509117 -1.2e-15 -0.10018806161207638 
5 1.1191823569117307 -0.34389870471142497 -3.9795518147279925 0.95149312603684111 -0.2923717047227371 -0.095810319810345518 0.091584183710473041 -0.028141689292702617 0.99539960951260142 -0.29372294496468332 -0.95589059604186588 2.2204460492503131e-16 0.6254168302799149 1.1692924760562418
1 -16.927531819153963 2.2120000000000001e-14 3.3300870521190058 0.9949685182509117 -1.2e-15 -0.10018806161207638 
5 1.1191823569117274 0.34389870471141981 -3.9795518147279907 0.95149312603684111 0.29237170472273694 -0.095810319810346184 0.091584183710473388 0.02814168929270372 0.99539960951260142 0.29372294496468326 -0.95589059604186599 7.4593109467002705e-16 0.62541683027991313 1.1692924760562386
5 0.8911117792331098 0.27381792139484468 -6.4583789960707385 0.95149312603684111 0.29237170472273694 -0.095810319810346184 0.091584183710473388 0.02814168929270372 0.99539960951260142 0.29372294496468326 -0.95589059604186599 7.4593109467002705e-16 1.8784094972218912 0.91469497158666502
1 -16.897207560446788 -0.98999999999997879 3.6312375312026255 0.9949685182509117 -1.2e-15 -0.10018806161207638 
5 0.14845181336040439 0.14408320176190351 -6.7592110715959093 0.71572045526185424 0.69465837045899759 -0.072069260236347965 0.051715924289848281 0.050194037951345617 0.9973996299021699 0.69646944878767725 -0.71758644559759432 9.7144514654701197e-16 0.41601196673338353 0.20469247446503602
5 -0.14408320176190673 -0.14845181336040775 -6.7592110715959066 -0.69465837045899759 -0.71572045526185413 -0.072069260236347535 -0.050194037951345347 -0.051715924289847982 0.99739962990217013 -0.71758644559759421 0.69646944878767725 -9.8532293435482623e-16 0.41601196673340013 0.20469247446504427
5 -0.2738179213948424 -0.89111177923310714 -6.4583789960707421 -0.29237170472273716 -0.951493126036841 -0.095810319810346156 -0.02814168929270397 -0.091584183710473277 0.99539960951260131 -0.95589059604186588 0.29372294496468354 -9.8879238130678024e-16 1.8784094972218908 0.91469497158666513
2 3.3300000000000001e-15 1.7e-16 -2.9985061137858642 2.2e-16 -8.2999999999999998e-16 -1 -3.2999999999999999e-16 1 -8.3000000000000008e-16 1 3.3000000000000019e-16 2.1999999999999973e-16 1.9050000000000005
1 0.98999999999999455 -3.6312375312026171 16.89720756044677 3.2999999999999999e-16 0.10018806161207619 -0.99496851825091182 
5 -0.3438987047114182 -1.1191823569117243 -3.9795518147279925 -0.29237170472273716 -0.951493126036841 -0.095810319810346156 -0.02814168929270397 -0.091584183710473277 0.99539960951260131 -0.95589059604186588 0.29372294496468354 -9.8879238130678024e-16 0.62541683027991246 1.1692924760562371
1 -5.6400000000000001e-15 -3.3300870521189996 16.927531819153945 3.2999999999999999e-16 0.10018806161207619 -0.99496851825091182 
5 0.34389870471142447 -1.1191823569117239 -3.9795518147279907 0.29237170472273677 -0.95149312603684111 -0.095810319810345962 0.028141689292702252 -0.09158418371047361 0.99539960951260131 -0.95589059604186599 -0.29372294496468299 -7.0429773124658378e-16 0.62541683027991202 1.1692924760562364
5 0.27381792139485284 -0.89111177923310558 -6.4583789960707403 0.29237170472273677 -0.95149312603684111 -0.095810319810345962 0.028141689292702252 -0.09158418371047361 0.99539960951260131 -0.95589059604186599 -0.29372294496468299 -7.0429773124658378e-16 1.8784094972218872 0.91469497158666324
1 -0.99000000000000599 -3.6312375312026166 16.89720756044677 3.2999999999999999e-16 0.10018806161207619 -0.99496851825091182 
5 0.1440832017619143 -0.14845181336040328 -6.7592110715959084 0.69465837045899748 -0.71572045526185435 -0.072069260236347091 0.050194037951344105 -0.051715924289848544 0.99739962990217002 -0.71758644559759444 -0.69646944878767714 -2.7755575615628914e-16 0.41601196673338758 0.20469247446503805
5 -0.14845181336040303 0.14408320176191386 -6.7592110715959066 -0.71572045526185413 0.6946583704589977 -0.072069260236347965 -0.051715924289849127 0.05019403795134475 0.9973996299021699 0.69646944878767725 0.71758644559759421 2.4286128663675294e-16 0.4160119667334134 0.20469247446505082
5 -0.89111177923310503 0.2738179213948469 -6.4583789960707438 -0.951493126036841 0.29237170472273721 -0.095810319810347058 -0.091584183710474387 0.028141689292703487 0.99539960951260131 0.29372294496468349 0.95589059604186577 -2.0122792321330957e-16 1.8784094972219052 0.91469497158667235
2 3.3300000000000001e-15 1.7e-16 -2.9985061137858642 2.2e-16 -8.2999999999999998e-16 -1 -3.2999999999999999e-16 1 -8.3000000000000008e-16 1 3.3000000000000019e-16 2.1999999999999973e-16 1.9050000000000005
1 16.89720756044678 -0.99000000000002364 3.6312375312026379 -0.9949685182509117 1.3299999999999999e-15 -0.10018806161207719 
5 -1.1191823569117247 0.34389870471142153 -3.9795518147279942 -0.951493126036841 0.29237170472273721 -0.095810319810347058 -0.091584183710474387 0.028141689292703487 0.99539960951260131 0.29372294496468349 0.95589059604186577 -2.0122792321330957e-16 0.62541683027991579 1.1692924760562433
1 16.927531819153955 -2.2549999999999999e-14 3.3300870521190191 -0.9949685182509117 1.3299999999999999e-15 -0.10018806161207719 
5 -1.1191823569117212 -0.34389870471142392 -3.9795518147279942 -0.951493126036841 -0.29237170472273682 -0.095810319810347197 -0.09158418371047479 -0.028141689292702578 0.9953996095126012 -0.2937229449646831 0.95589059604186599 -7.4593109467002715e-16 0.6254168302799139 1.1692924760562398
5 -0.89111177923310059 -0.27381792139485162 -6.4583789960707403 -0.951493126036841 -0.29237170472273682 -0.095810319810347197 -0.09158418371047479 -0.028141689292702578 0.9953996095126012 -0.2937229449646831 0.95589059604186599 -7.4593109467002715e-16 1.8784094972218957 0.91469497158666746
1 16.89720756044678 0.98999999999997867 3.6312375312026361 -0.9949685182509117 1.3299999999999999e-15 -0.10018806161207719 
5 -0.14845181336039362 -0.14408320176191139 -6.7592110715959093 -0.71572045526185424 -0.69465837045899748 -0.072069260236348312 -0.051715924289849904 -0.050194037951344472 0.99739962990217002 -0.69646944878767714 0.71758644559759444 -9.6450625264310455e-16 0.41601196673338675 0.20469247446503766
5 0.14408320176192205 0.14845181336040447 -6.7592110715959066 0.69465837045899759 0.71572045526185413 -0.072069260236347049 0.050194037951343605 0.051715924289848995 0.99739962990217002 0.71758644559759421 -0.69646944878767725 9.6450625264310474e-16 0.41601196673340984 0.2046924744650491
5 0.27381792139485528 0.89111177923310592 -6.4583789960707403 0.29237170472273716 0.95149312603684111 -0.095810319810346559 0.028141689292702169 0.091584183710474221 0.9953996095126012 0.95589059604186588 -0.29372294496468332 9.9573127521068727e-16 1.8784094972219016 0.91469497158667035
2 3.3300000000000001e-15 1.7e-16 -2.9985061137858642 2.2e-16 -8.2999999999999998e-16 -1 -3.2999999999999999e-16 1 -8.3000000000000008e-16 1 3.3000000000000019e-16 2.1999999999999973e-16 1.9050000000000005
1 0.99000000000002952 3.6312375312026215 -16.897207560446788 -1.6e-15 -0.10018806161207627 0.9949685182509117 
5 0.34389870471142664 1.1191823569117259 -3.9795518147279925 0.29237170472273716 0.95149312603684111 -0.095810319810346559 0.028141689292702169 0.091584183710474221 0.9953996095126012 0.95589059604186588 -0.29372294496468332 9.9573127521068727e-16 0.62541683027991535 1.1692924760562424
1 4.4500000000000001e-15 3.1199999999999998e-15 -4.0114125811009851 -1.4000000000000001e-15 0.88294759285892721 0.46947156278589047 
Polygon3D 0
PolygonOnTriangulations 0
Surfaces 28
1 0 -12 0 -0 -1 -0 -1 0 0 -0 -0 1 
3 0 -12 0 0 1 0 1 0 0 -0 -0 1 2.4000000000000026
0.78539816339744639
2 0 -11.4 0 0 1 0 1 0 0 -0 -0 1 3
5 0 -3.5899494936611651 0 0 1 0 1 0 0 -0 -0 1 3.7000000000000002 0.69999999999999996
3 0 -3.0949747468305819 0 0 1 0 1 0 0 -0 -0 1 3.205025253169417
0.78539816339744839
2 0 -0.69999999999999996 0 0 1 0 1 0 0 -0 -0 1 5.5999999999999996
1 0 0 0 -0 -1 -0 1 -0 0 -0 0 1 
3 3.3300000000000001e-15 1.7e-16 -2.9985061137858642 -1.1100000000000001e-15 -6.0000000000000001e-17 1 -3.3000000000000097e-16 1 5.9999999999999631e-17 1 3.3000000000000092e-16 1.1100000000000001e-15 1.9050000000000007
0.46251225178459066
3 3.3300000000000001e-15 1.7e-16 -2.9985061137858642 -1.1100000000000001e-15 -6.0000000000000001e-17 1 -3.3000000000000097e-16 1 5.9999999999999631e-17 1 3.3000000000000092e-16 1.1100000000000001e-15 1.9050000000000007
0.46251225178459066
3 3.3300000000000001e-15 1.7e-16 -2.9985061137858642 -1.1100000000000001e-15 -6.0000000000000001e-17 1 -3.3000000000000097e-16 1 5.9999999999999631e-17 1 3.3000000000000092e-16 1.1100000000000001e-15 1.9050000000000007
0.46251225178459066
3 3.3300000000000001e-15 1.7e-16 -2.9985061137858642 -1.1100000000000001e-15 -6.0000000000000001e-17 1 -3.3000000000000097e-16 1 5.9999999999999631e-17 1 3.3000000000000092e-16 1.1100000000000001e-15 1.9050000000000007
0.46251225178459066
1 -0.98999999999997268 3.6312375312026228 -16.897207560446788 0.29237170472273727 0.95149312603684111 0.09581031981034567 0.95630475596303532 -0.29090064182647513 -0.029292154366387716 1.4467593789646571e-15 0.10018806161207533 -0.99496851825091193 
3 4.4500000000000001e-15 2.2e-16 -4.0114125811009824 -1.1100000000000001e-15 -6.0000000000000001e-17 1 -3.3000000000000097e-16 1 5.9999999999999631e-17 1 3.3000000000000092e-16 1.1100000000000001e-15 2.2e-16
1.0821041362364843
1 -7.6199999999999779 10.001539962868277 -16.2557518351609 0.69465837045899803 0.71572045526185368 0.072069260236347535 0.71933980033865053 -0.69116320954618238 -0.069596475618888848 1.3947176746853529e-15 0.10018806161207519 -0.99496851825091182 
1 -16.897207560446788 0.99000000000002353 3.6312375312026228 0.072069260236346355 -0.69465837045899681 0.71572045526185502 0.069596475618890527 0.71933980033865175 0.69116320954618093 -0.9949685182509117 8.1878948066105275e-16 0.1001880616120755 
1 -16.927531819153963 2.2120000000000001e-14 3.3300870521190058 0.095810319810345254 -0.29237170472273638 0.95149312603684144 0.029292154366389957 0.95630475596303577 0.29090064182647402 -0.99496851825091182 9.2287288921966118e-16 0.10018806161207558 
1 -16.897207560446788 -0.98999999999997867 3.6312375312026255 0.095810319810345643 0.29237170472273766 0.951493126036841 -0.02929215436638816 0.95630475596303521 -0.29090064182647551 -0.99496851825091193 1.0547118733938987e-15 0.10018806161207544 
1 -16.2557518351609 -7.6199999999999815 10.00153996286828 0.072069260236347341 0.69465837045899836 0.71572045526185335 -0.069596475618889236 0.71933980033865019 -0.69116320954618271 -0.99496851825091193 1.0269562977782698e-15 0.10018806161207533 
1 0.98999999999999455 -3.6312375312026171 16.89720756044677 -0.69465837045899759 -0.71572045526185413 -0.072069260236347549 0.71933980033865086 -0.69116320954618171 -0.069596475618890236 -3.3306690738754701e-16 -0.10018806161207618 0.9949685182509117 
1 -5.6400000000000001e-15 -3.3300870521189996 16.927531819153945 -0.29237170472273716 -0.951493126036841 -0.095810319810346142 0.95630475596303544 -0.2909006418264749 -0.029292154366389146 -2.0469737016526324e-16 -0.10018806161207622 0.99496851825091182 
1 -0.99000000000000588 -3.6312375312026166 16.89720756044677 0.29237170472273677 -0.95149312603684122 -0.095810319810345976 0.95630475596303544 0.29090064182647446 0.029292154366389361 -9.7144514654701197e-17 -0.10018806161207611 0.9949685182509117 
1 -7.6200000000000072 -10.001539962868256 16.255751835160869 0.69465837045899748 -0.71572045526185424 -0.072069260236347091 0.71933980033865108 0.69116320954618171 0.06959647561889043 -1.3183898417423731e-16 -0.10018806161207594 0.9949685182509117 
1 16.89720756044678 -0.99000000000002364 3.6312375312026379 -0.072069260236347743 0.69465837045899803 0.71572045526185379 -0.069596475618892067 -0.71933980033865064 0.69116320954618204 0.99496851825091159 -7.9797279894933107e-16 0.10018806161207756 
1 16.927531819153955 -2.2549999999999999e-14 3.3300870521190191 -0.095810319810347183 0.29237170472273732 0.95149312603684089 -0.029292154366390644 -0.95630475596303532 0.2909006418264749 0.9949685182509117 -9.1246454836380053e-16 0.10018806161207765 
1 16.89720756044678 0.98999999999997856 3.6312375312026361 -0.095810319810347655 -0.29237170472273649 0.95149312603684111 0.029292154366388674 -0.95630475596303555 -0.29090064182647429 0.99496851825091159 -1.033895191682177e-15 0.10018806161207751 
1 16.255751835160879 7.6199999999999868 10.001539962868275 -0.07206926023634895 -0.69465837045899714 0.71572045526185457 0.069596475618890555 -0.7193398003386513 -0.69116320954618116 0.99496851825091159 -9.9920072216264089e-16 0.10018806161207738 
1 0.99000000000002952 3.6312375312026215 -16.897207560446788 -0.69465837045899714 0.71572045526185479 0.072069260236346008 0.71933980033865141 0.69116320954618127 0.069596475618890763 1.1865508575681361e-15 0.10018806161207543 -0.99496851825091193 
1 2.83e-14 3.330087052119004 -16.927531819153963 -0.29237170472273666 0.95149312603684133 0.095810319810344963 0.95630475596303566 0.29090064182647435 0.029292154366390336 1.3322676295501878e-15 0.10018806161207544 -0.99496851825091193 
Triangulations 0

TShapes 179
Ve
1e-07
2.4 3e-15 -12
0 0

0101101
*
Ed
 1e-07 1 1 0
1  1 0 0 6.28318530717959
2  1 2 0 0 6.28318530717959
0

0101000
+179 4 -179 4 *
Wi

0101100
-178 0 *
Fa
0  1e-07 1 0

0101000
+177 0 *
Ve
1e-07
3 3e-15 -11.4
0 0

0101101
*
Ed
 1e-07 1 1 0
1  2 0 0 6.28318530717959
2  2 2 0 0 6.28318530717959
2  3 3 0 0 6.28318530717959
0

0101000
+175 4 -175 4 *
Ed
 1e-07 1 1 0
1  3 0 0 0.848528137423855
3  4 5CN 2 9 0 0.848528137423855
0

0101000
+179 10 -175 10 *
Wi

0101100
+178 0 -174 0 -173 8 +173 8 *
Fa
0  1e-07 2 0

0101000
+172 0 *
Ve
1e-07
3 1e-15 -3.58994949366117
0 0

0101101
*
Ed
 1e-07 1 1 0
1  4 0 0 6.28318530717959
2  6 3 0 0 6.28318530717959
2  7 4 0 0 6.28318530717959
4 G1 3 0 4 0
0

0101000
+170 4 -170 4 *
Ed
 1e-07 1 1 0
1  5 0 0 7.81005050633884
3  8 9CN 3 9 0 7.81005050633884
0

0101000
+175 10 -170 10 *
Wi

0101100
+174 0 -169 0 -168 8 +168 8 *
Fa
0  1e-07 3 0

0101000
+167 0 *
Ve
1e-07
3.20502525316942 1e-15 -3.09497474683058
0 0

0101101
*
Ed
 1e-07 1 1 0
1  6 0 0 6.28318530717959
2  10 4 0 0 6.28318530717959
2  11 5 0 0 6.28318530717959
4 G1 4 0 5 0
0

0101000
+165 4 -165 4 *
Ed
 1e-07 1 1 0
1  7 0 2.35619449019234 3.14159265358979
3  12 13CN 4 9 2.35619449019234 3.14159265358979
0

0101000
+165 10 -170 10 *
Wi

0101100
+164 0 -169 0 -163 8 +163 8 *
Fa
0  1e-07 4 0

0101000
+162 0 *
Ve
1e-07
5.6 0 -0.7
0 0

0101101
*
Ed
 1e-07 1 1 0
1  8 0 0 6.28318530717959
2  14 5 0 0 6.28318530717959
2  15 6 0 0 6.28318530717959
0

0101000
+160 4 -160 4 *
Ed
 1e-07 1 1 0
1  9 0 0 3.38700576850888
3  16 17CN 5 9 0 3.38700576850888
0

0101000
+165 10 -160 10 *
Wi

0101100
+164 0 -159 0 -158 8 +158 8 *
Fa
0  1e-07 5 0

0101000
+157 0 *
Ve
1e-07
5.6 0 0
0 0

0101101
*
Ed
 1e-07 1 1 0
1  10 0 0 6.28318530717959
2  18 6 0 0 6.28318530717959
0

0101000
+155 4 -155 4 *
Ed
 1e-07 1 1 0
1  11 0 0 0.7
3  19 20CN 6 9 0 0.7
0

0101000
+160 10 -155 10 *
Wi

0101100
+159 0 -154 0 -153 8 +153 8 *
Fa
0  1e-07 6 0

0101000
+152 0 *
Wi

0101100
+154 2 *
Ve
1.50000012e-07
0 1.62557422610606 0
0 0

0101101
*
Ve
1.50000013e-07
0.990000000000001 1.9297781974801 4e-15
0 0

0101101
*
Ed
 1.5e-07 1 1 0
1  12 0 -0.528986286855724 0.50669708956767
0

0101000
+149 11 -148 11 *
Ve
1.5000001e-07
1.90399616396057 2.81687745696729 3e-15
0 0

0101101
*
Ed
 1.5e-07 1 1 0
1  13 0 -4.16244573158717 -2.88873694072587
0

0101000
+148 11 -146 11 *
Ve
1.50000001e-07
2.81687745696729 1.90399616396057 -1e-15
0 0

0101101
*
Ed
 1e-07 1 1 0
1  14 0 5.3067734185811 5.68880086898318
2  21 8 20 5.3067734185811 5.68880086898318
0

0101000
+144 11 -146 11 *
Ve
1.50000011e-07
1.9297781974801 0.990000000000001 0
0 0

0101101
*
Ed
 1.5e-07 1 1 0
1  15 0 -1.70842263802663 -0.434713847165337
0

0101000
+144 11 -142 11 *
Ve
1.50000013e-07
1.62557422610605 -0 0
0 0

0101101
*
Ed
 1.5e-07 1 1 0
1  16 0 -1.02409033740536 0.011593039018032
0

0101000
+142 11 -140 11 *
Ve
1.50000014e-07
1.9297781974801 -0.990000000000001 0
0 0

0101101
*
Ed
 1.5e-07 1 1 0
1  17 0 -0.528986286855721 0.506697089567673
0

0101000
+140 11 -138 11 *
Ve
1.50000009e-07
2.81687745696728 -1.90399616396057 1e-15
0 0

0101101
*
Ed
 1.5e-07 1 1 0
1  18 0 -4.16244573158716 -2.88873694072586
0

0101000
+138 11 -136 11 *
Ve
1.50000002e-07
1.90399616396057 -2.81687745696729 2e-15
0 0

0101101
*
Ed
 1e-07 1 1 0
1  19 0 3.7359770917862 4.11800454218828
2  22 9 20 3.7359770917862 4.11800454218828
0

0101000
+134 11 -136 11 *
Ve
1.50000003e-07
0.99 -1.9297781974801 0
0 0

0101101
*
Ed
 1.5e-07 1 1 0
1  20 0 -1.70842263802665 -0.434713847165344
0

0101000
+134 11 -132 11 *
Ve
1.50000007e-07
-0 -1.62557422610605 0
0 0

0101101
*
Ed
 1.5e-07 1 1 0
1  21 0 -1.02409033740537 0.01159303901802
0

0101000
+132 11 -130 11 *
Ve
1.50000008e-07
-0.99 -1.92977819748009 0
0 0

0101101
*
Ed
 1.5e-07 1 1 0
1  22 0 -0.528986286855735 0.506697089567659
0

0101000
+130 11 -128 11 *
Ve
1.50000004e-07
-1.90399616396057 -2.81687745696729 3e-15
0 0

0101101
*
Ed
 1.5e-07 1 1 0
1  23 0 -4.16244573158717 -2.88873694072586
0

0101000
+128 11 -126 11 *
Ve
1.50000011e-07
-2.81687745696729 -1.90399616396057 -2e-15
0 0

0101101
*
Ed
 1e-07 1 1 0
1  24 0 2.1651807649913 2.54720821539339
2  23 10 20 2.1651807649913 2.54720821539339
0

0101000
+124 11 -126 11 *
Ve
1.50000007e-07
-1.9297781974801 -0.990000000000002 0
0 0

0101101
*
Ed
 1.5e-07 1 1 0
1  25 0 -1.70842263802663 -0.434713847165336
0

0101000
+124 11 -122 11 *
Ve
1.50000007e-07
-1.62557422610605 -1e-15 0
0 0

0101101
*
Ed
 1.5e-07 1 1 0
1  26 0 -1.02409033740537 0.011593039018024
0

0101000
+122 11 -120 11 *
Ve
1.50000008e-07
-1.9297781974801 0.99 0
0 0

0101101
*
Ed
 1.5e-07 1 1 0
1  27 0 -0.528986286855737 0.506697089567657
0

0101000
+120 11 -118 11 *
Ve
1.50000002e-07
-2.81687745696729 1.90399616396057 1e-15
0 0

0101101
*
Ed
 1.5e-07 1 1 0
1  28 0 -4.16244573158718 -2.88873694072587
0

0101000
+118 11 -116 11 *
Ve
1.50000001e-07
-1.90399616396057 2.81687745696729 1e-15
0 0

0101101
*
Ed
 1e-07 1 1 0
1  29 0 0.594384438196406 0.976411888598489
2  24 11 20 0.594384438196406 0.976411888598489
0

0101000
+114 11 -116 11 *
Ve
1.50000013e-07
-0.990000000000001 1.9297781974801 4e-15
0 0

0101101
*
Ed
 1.5e-07 1 1 0
1  30 0 -1.70842263802663 -0.434713847165325
0

0101000
+114 11 -112 11 *
Ed
 1.5e-07 1 1 0
1  31 0 -1.02409033740535 0.011593039018035
0

0101000
+112 11 -149 11 *
Wi

0101100
-147 0 -145 0 +143 0 -141 0 -139 0 -137 0 -135 0 +133 0 -131 0 -129 0 
-127 0 -125 0 +123 0 -121 0 -119 0 -117 0 -115 0 +113 0 -111 0 -110 0 
*
Fa
0  1e-07 7 2

0101000
+150 0 +109 0 *
Ve
1.00000009e-07
3e-15 1.29075358460638 -3.3251067262149
0 0

0101101
*
Ed
 1e-07 1 1 0
1  32 0 17.0131330877799 20.3550546312477
0

0101000
+149 24 -107 24 *
Ve
1.00000002e-07
0.989680292556312 1.62774626970104 -2.99850611378586
0 0

0101101
*
Ed
 1e-07 1 1 0
1  33 0 0.31880570601344 1.02740997807296
2  25 13 26 0.31880570601344 1.02740997807296
0

0101000
+107 27 -105 27 *
Ve
1.00000007e-07
0.990000000000004 1.6279055399908 -2.99790000814209
0 0

0101101
*
Ed
 1e-07 1 1 0
