<?xml version='1.0' encoding='utf-8'?>
<!-- FreeCAD DocumentObject -->
<Document SchemaVersion="4" FileVersion="2">
<Object name="Boolean" Extensions="True">
  <Extensions Count="1">
    <Extension type="App::GeoFeatureGroupExtension" name="GeoFeatureGroupExtension">
    </Extension>
  </Extensions>
  <Properties Count="18" TransientCount="3">
    <_Property name="_Body" type="App::PropertyLinkHidden" status="251658241"/>
    <_Property name="_ElementMapVersion" type="App::PropertyString" status="234881024"/>
    <_Property name="_GroupTouched" type="App::PropertyBool" status="100663296"/>
    <Property name="BaseFeature" type="App::PropertyLink" status="8">
      <Link value="Revolution"/>
    </Property>
    <Property name="ColoredElements" type="App::PropertyLinkSubHidden" status="218103808">
      <LinkSub value="" count="0">
      </LinkSub>
    </Property>
    <Property name="ExportMode" type="App::PropertyEnumeration" status="8">
      <Integer value="0"/>
    </Property>
    <Property name="ExpressionEngine" type="App::PropertyExpressionEngine" status="67108864">
      <ExpressionEngine count="0"></ExpressionEngine>
    </Property>
    <Property name="Group" type="App::PropertyLinkList">
      <LinkList count="1">
        <Link value="Reference"/>
      </LinkList>
    </Property>
    <Property name="Label" type="App::PropertyString" status="134217728">
      <String value="Boolean"/>
    </Property>
    <Property name="Label2" type="App::PropertyString" status="128">
      <String value=""/>
    </Property>
    <Property name="NewSolid" type="App::PropertyBool">
      <Bool value="false"/>
    </Property>
    <Property name="Placement" type="App::PropertyPlacement" status="8388616">
      <PropertyPlacement Px="0" Py="0" Pz="0" Q0="0" Q1="0" Q2="0" Q3="1" A="0" Ox="0" Oy="0" Oz="1"/>
    </Property>
    <Property name="Refine" type="App::PropertyBool">
      <Bool value="false"/>
    </Property>
    <Property name="Shape" type="Part::PropertyPartShape">
      <Part HasherIndex="0" ElementMap="1.15.70200.3.0" brep="1">
<![CDATA[

CASCADE Topology V1, (c) Matra-Datavision
Locations 48
1
              1               0               0               0 
              0               1               0               0 
              0               0               1               0 
1
              1               0               0               0 
              0              -0              -1               0 
              0               1              -0               0 
1
              1               0               0               0 
              0               1               0               0 
              0               0               1               0 
1
              1               0               0               0 
              0              -0              -1               0 
              0               1              -0               0 
1
              1               0               0               0 
              0              -0              -1               0 
              0               1              -0               0 
2  3 1 4 1 5 -1 0
2  5 1 4 -1 3 -1 0
1
              1              -0               0               0 
              0               1              -0               0 
             -0               0               1               0 
1
             -1           1e-15          -1e-30               0 
          1e-15               1          -1e-15               0 
             -0          -1e-15              -1               0 
1
              1               0               0               0 
              0               1               0               0 
              0               0               1               0 
1
              1               0               0               0 
              0               1               0               0 
              0               0               1               0 
1
              1               0               0               0 
              0               1               0               0 
              0               0               1               0 
1
              1               0               0               0 
              0               1               0               0 
              0               0               1               0 
1
              1               0               0               0 
              0               1               0               0 
              0               0               1               0 
2  8 1 9 1 10 1 11 1 12 1 13 1 14 1 0
1
              0              -0               1               0 
              1               0               0               0 
             -0               1               0               0 
1
             -0               0               1               0 
              1              -0               0               0 
              0               1              -0               0 
1
              1               0               0               0 
              0               1               0               0 
              0               0               1               0 
2  16 1 17 -1 18 1 10 1 11 1 12 1 13 1 14 1 0
1
              0           1e-15               1               0 
             -0               1          -1e-15               0 
             -1               0               0               0 
2  8 1 20 1 10 1 11 1 12 1 13 1 14 1 0
2  18 1 10 1 11 1 12 1 13 1 14 1 0
1
             -0               0              -1               0 
          1e-15               1               0               0 
              1          -1e-15              -0               0 
2  8 1 23 1 10 1 11 1 12 1 13 1 14 1 0
2  14 -1 13 -1 12 -1 11 -1 10 -1 9 -1 8 -1 0
1
              0              -0               1               0 
              1               0               0               0 
             -0               1               0               0 
2  26 -1 9 -1 8 -1 0
2  10 1 11 1 12 1 13 1 14 1 0
2  16 1 17 -1 18 1 0
2  8 1 9 1 0
2  26 -1 0
2  14 -1 13 -1 12 -1 11 -1 10 -1 0
2  8 1 20 1 0
2  26 -1 18 -1 17 1 16 -1 0
2  14 -1 13 -1 12 -1 11 -1 10 -1 20 -1 8 -1 0
2  26 -1 20 -1 8 -1 0
2  16 1 17 -1 0
2  14 -1 13 -1 12 -1 11 -1 10 -1 18 -1 0
2  26 -1 18 -1 0
2  8 1 23 1 0
2  14 -1 13 -1 12 -1 11 -1 10 -1 23 -1 8 -1 0
2  26 -1 23 -1 8 -1 0
1
              1               0               0               0 
              0               1               0               0 
              0               0               1               0 
1
              0              -0               1               0 
              1               0              -0               0 
             -0               1               0               0 
1
             -0               0               1               0 
              1              -0               0               0 
              0               1              -0               0 
2  43 1 44 1 45 -1 16 1 17 -1 18 1 0
2  45 1 44 -1 43 -1 0
2  26 -1 18 -1 17 1 16 -1 45 1 44 -1 43 -1 0
Curve2ds 139
2 0 0 -1 0 0 1 2.4000000000000026
1 0 0 1 0 
1 0 0.84852813742385491 1 0 
1 0 0 1 0 
1 6.2831853071795862 0 0 1 
1 0 0 0 1 
1 0 7.8100505063388352 1 0 
1 0 3.1415926535897931 1 0 
1 6.2831853071795862 0 0 1 
1 0 0 0 1 
1 0 2.3561944901923448 1 0 
1 0 0 1 0 
1 6.2831853071795862 0 0 1 
1 0 0 0 1 
1 0 3.387005768508879 1 0 
1 0 0 1 0 
1 6.2831853071795862 0 0 1 
1 0 0 0 1 
1 0 0.69999999999999996 1 0 
2 0 0 1 0 -0 1 5.5999999999999996
1 6.2831853071795862 0 0 1 
1 0 0 0 1 
8 -0.52898628685572402 0.50669708956767046
1 0.50565301704048471 -1.7809496361272608 0.95589059604186599 -0.29372294496468287 
8 -0.52898628685572402 0.50669708956767046
1 0.50647764736018808 -16.997566326627727 -0.99956691638456585 0.029427532507001041 
8 -4.1624457315871677 -2.4647381250521647
1 3.9769146375225111 -4.8287944817672397 0.71758644559759432 -0.69646944878767714 
8 -4.1624457315871677 -2.4647381250521647
1 5.0644846298820188 -16.692208659448699 -0.99756255007684658 0.069777924046068335 
2 -0 -0 -0 -1 -1 0 3.3999999999922146
1 6.2831853071795853 3.3505318852964106 -1 0 
8 -2.1324214537003368 -0.43471384716533684
1 1.6270132839644911 -0.67805523556056913 -0.69646944878767714 0.71758644559759432 
8 -2.1324214537003368 -0.43471384716533684
1 -0.43365425393197632 -17.012988911362555 -0.99756255007684658 -0.069777924046069598 
8 -1.0240903374053565 0.01159303901803169
1 1.6289793676675299 -0.01108167697688053 -0.29372294496468354 0.95589059604186588 
8 -1.0240903374053565 0.01159303901803169
1 0.01158801826277589 -17.012791933247374 -0.99956691638456563 -0.029427532507003619 
8 -0.52898628685572135 0.50669708956767345
1 1.7809496361272594 0.5056530170404816 0.29372294496468293 0.95589059604186599 
8 -0.52898628685572135 0.50669708956767345
1 0.5064776473601913 -16.997566326627734 -0.99956691638456585 0.02942753250700066 
8 -4.1624457315871632 -2.4647381250521594
1 4.8287944817672335 3.9769146375225066 0.69646944878767725 0.71758644559759432 
8 -4.1624457315871632 -2.4647381250521594
1 5.0644846298820241 -16.69220865944871 -0.99756255007684669 0.069777924046067433 
2 -0 -0 -0 -1 -1 0 3.3999999999922146
1 6.2831853071795853 3.3505318852964106 -1 0 
8 -2.1324214537003456 -0.43471384716534417
1 0.67805523556056357 1.6270132839644769 -0.71758644559759432 -0.69646944878767725 
8 -2.1324214537003456 -0.43471384716534417
1 -0.43365425393197943 -17.012988911362537 -0.99756255007684669 -0.06977792404606814 
8 -1.0240903374053687 0.01159303901801959
1 0.011081676976869291 1.6289793676675162 -0.95589059604186588 -0.29372294496468343 
8 -1.0240903374053687 0.01159303901801959
1 0.011588018262767841 -17.012791933247364 -0.99956691638456585 -0.029427532507001909 
8 -0.52898628685573545 0.50669708956765891
1 -0.50565301704049648 1.7809496361272505 -0.95589059604186599 0.29372294496468299 
8 -0.52898628685573545 0.50669708956765891
1 0.50647764736017842 -16.997566326627719 -0.99956691638456585 0.02942753250700212 
8 -4.1624457315871748 -2.4647381250521665
1 -3.9769146375225146 4.8287944817672281 -0.71758644559759432 0.69646944878767714 
8 -4.1624457315871748 -2.4647381250521665
1 5.0644846298820081 -16.692208659448688 -0.99756255007684658 0.069777924046068307 
2 -0 -0 -0 -1 -1 0 3.3999999999922146
1 6.2831853071795853 3.3505318852964106 -1 0 
8 -2.1324214537003359 -0.43471384716533645
1 -1.6270132839644806 0.67805523556057601 0.69646944878767725 -0.71758644559759432 
8 -2.1324214537003359 -0.43471384716533645
1 -0.43365425393197099 -17.012988911362548 -0.99756255007684658 -0.06977792404606932 
8 -1.0240903374053658 0.011593039018024489
1 -1.6289793676675142 0.011081676976877061 0.29372294496468315 -0.95589059604186599 
8 -1.0240903374053658 0.011593039018024489
1 0.01158801826277028 -17.012791933247371 -0.99956691638456574 -0.02942753250700262 
8 -0.5289862868557369 0.50669708956765713
1 -1.7809496361272501 -0.50565301704049748 -0.29372294496468326 -0.95589059604186588 
8 -0.5289862868557369 0.50669708956765713
1 0.5064776473601722 -16.997566326627727 -0.99956691638456574 0.0294275325070022 
8 -4.162445731587181 -2.4647381250521754
1 -4.8287944817672335 -3.9769146375225199 -0.69646944878767725 -0.71758644559759432 
8 -4.162445731587181 -2.4647381250521754
1 5.0644846298819983 -16.692208659448692 -0.99756255007684658 0.069777924046068959 
2 -0 -0 -0 -1 -1 0 3.3999999999922146
1 6.2831853071795853 3.3505318852964106 -1 0 
8 -2.132421453700331 -0.43471384716532507
1 -0.67805523556057523 -1.6270132839644962 0.71758644559759421 0.69646944878767725 
8 -2.132421453700331 -0.43471384716532507
1 -0.43365425393196877 -17.012988911362548 -0.99756255007684647 -0.069777924046070527 
8 -1.0240903374053536 0.011593039018034891
1 -0.011081676976883561 -1.6289793676675317 0.95589059604186577 0.2937229449646836 
8 -1.0240903374053536 0.011593039018034891
1 0.01158801826277928 -17.012791933247378 -0.99956691638456574 -0.029427532507004011 
1 1.0352348389222774 1.1200000000000001e-15 3.7e-16 -1 
1 0 0 -1.0000000000000001e-17 -1 
7 0 0  7 8 2  0 1.4618688527447101  0.09170342190595715 1.5053921234125816  0.18022153327726897 1.565581036618596  0.26435672129057508 1.6431640875064204  0.34324446567891442 1.7392880241638977  0.41652351061973292 1.8555489374561489  0.48415117820341091 1.9940561280371016  0.54628583465789138 2.1575459465626152 
 0.31880570601343972 8 1.0274099780729578 8
5 1.3948468795056268 -21.023396279973262 0.029427532507001711 0.99956691638456574 -0.99956691638456574 0.029427532507001711 0.62541683027991368 1.1692924760562398
7 0 0  5 6 2  0.54628583465789327 1.19e-15  0.55233599990388871 0.040987987277093997  0.55831356018594036 0.082743249148153675  0.56421902680253133 0.12527934339954561  0.57005295661818689 0.16861033518526142  0.57581594373694855 0.2127508249565456 
 1.225942758242458 6 1.2889449893229927 6
5 1.3215639821033254 -23.512601236682308 0.029427532507001711 0.99956691638456574 -0.99956691638456574 0.029427532507001711 1.8784094972218948 0.91469497158666713
1 -1.1e-16 -0 3.7e-16 -1 
1 9.2167846084405873 -1.1100000000000001e-15 5.9999999999999999e-16 -1 
7 0 0  6 7 2  0.5463683628200029 -2e-16  0.55938085657685288 0.50579214197743194  0.57054345208254631 1.0855398434902241  0.58017555977727397 1.7525900805581216  0.58852826671763125 2.5235671739653895  0.59580228419850434 3.4194570684119121  0.60216069941176886 4.4679322700720423 
 2.8943412839488856 7 3.6209571697038805 7
5 10.793345784713635 -23.886325343527613 0.069777924046068224 0.99756255007684669 -0.99756255007684669 0.069777924046068224 0.41601196673338814 0.20469247446503833
7 0 0  6 7 2  0.96863562738312836 4.467932270072045  0.97499404259639322 3.4194570684119139  0.98226806007727419 2.5235671739653895  0.99062076701756041 1.7525900805580932  1.0002528747123733 1.0855398434902384  1.0114154702180467 0.50579214197743183  1.0244279639748972 -3.9999999999999999e-16 
 -3.6209571697038303 7 -2.8943412839488345 7
5 -1.5765611762730356 -23.886325343527606 -0.069777924046069126 0.99756255007684658 -0.99756255007684658 -0.069777924046069126 0.4160119667334089 0.2046924744650486
7 0 0  5 6 2  0.99498038305795 0.21275082495653674  1.0007433701767114 0.16861033518525415  1.0065772999923688 0.12527934339954139  1.0124827666089597 0.082743249148146791  1.0184603268910093 0.04098798727709204  1.0245104921370045 5.9999999999999999e-16 
 -1.2889449893229872 6 -1.2259427582424545 6
5 -0.28632914318103558 -23.512601236682311 -0.0294275325070028 0.99956691638456574 -0.99956691638456574 -0.0294275325070028 1.8784094972219001 0.91469497158666946
1 0 2.1575459465626201 1 0 
1 0 -9.9999999999999998e-17 1 0 
1 1.0352348389222772 1.4999999999999999e-15 -1.0000000000000001e-17 -1 
1 0 0 -3.1000000000000001e-16 -1 
7 0 0  7 8 2  1.0245104921370043 2.1575459465626214  1.0941546693918429 1.9742969426980301  1.1706999485116398 1.8224342210918962  1.2543686446766742 1.6981045897100557  1.3450685940819085 1.5984444205269028  1.4421763836598416 1.5213786971341392  1.5442104836514907 1.4655179887465519  1.6492791066851216 1.4301178410777264 
 -1.0274099780729551 8 -0.23316463508949165 8
5 -0.3596120405833399 -21.023396279973266 -0.0294275325070028 0.99956691638456574 -0.99956691638456574 -0.0294275325070028 0.6254168302799149 1.1692924760562418
1 0 0 -1.0000000000000001e-17 -1 
1 1.0352348389222774 7.0000000000000003e-16 3.8000000000000001e-16 -1 
7 0 0  7 8 2  1.4923135469046709 1.4301178410777229  1.5973821699383024 1.4655179887465484  1.6994162699303956 1.5213786971345939  1.7965240595067371 1.5984444205253112  1.8872240089142451 1.6981045897109652  1.970892705077631 1.8224342210911573  2.0474379841979529 1.9742969426980304  2.1170821614527915 2.1575459465626232 
 0.23316463508949092 8 1.0274099780729591 8
5 1.3948468795056277 -21.023396279973262 0.029427532507001631 0.99956691638456574 -0.99956691638456574 0.029427532507001631 0.62541683027991313 1.1692924760562386
7 0 0  5 6 2  2.1170821614527906 2.9799999999999999e-15  2.1231323266987858 0.040987987277095093  2.1291098869808316 0.082743249148153009  2.1350153535974421 0.12527934339954627  2.1408492834130834 0.16861033518526025  2.1466122705318451 0.21275082495654363 
 1.2259427582424605 6 1.2889449893229941 6
5 1.321563982103326 -23.512601236682311 0.029427532507001631 0.99956691638456574 -0.99956691638456574 0.029427532507001631 1.8784094972218912 0.91469497158666502
1 -1.1e-16 -0 3.8000000000000001e-16 -1 
1 9.2167846084405856 -1.1100000000000001e-15 5.9999999999999999e-16 -1 
7 0 0  6 7 2  2.1171646896149006 1.3899999999999999e-15  2.1301771833717504 0.50579214197743383  2.1413397788774802 1.0855398434902526  2.1509718865721084 1.7525900805580363  2.1593245935125651 2.5235671739654038  2.1665986109934017 3.4194570684119161  2.172957026206666 4.4679322700720467 
 2.8943412839488971 7 3.620957169703892 7
5 10.793345784713633 -23.886325343527609 0.069777924046068251 0.99756255007684658 -0.99756255007684658 0.069777924046068251 0.41601196673338353 0.204692474465036
7 0 0  6 7 2  2.5394319541780241 4.4679322700720441  2.5457903693912889 3.4194570684119143  2.553064386872137 2.5235671739654464  2.5614170938123948 1.7525900805580079  2.5710492015072077 1.0855398434902952  2.582211797012941 0.50579214197743372  2.5952242907697913 1.99e-15 
 -3.6209571697038512 7 -2.8943412839488563 7
5 -1.5765611762730294 -23.886325343527599 -0.069777924046069265 0.99756255007684658 -0.99756255007684658 -0.069777924046069265 0.41601196673340013 0.20469247446504427
7 0 0  5 6 2  2.565776709852845 0.21275082495652814  2.5715396969716062 0.16861033518524776  2.57737362678726 0.12527934339953828  2.5832790934038563 0.082743249148145681  2.589256653685903 0.040987987277091117  2.5953068189318977 1.59e-15 
 -1.2889449893229907 6 -1.2259427582424611 6
5 -0.28632914318103198 -23.512601236682301 -0.02942753250700296 0.99956691638456574 -0.99956691638456574 -0.02942753250700296 1.8784094972218908 0.91469497158666513
1 1.035234838922277 3.2000000000000002e-16 1.2e-16 -1 
1 0 0 -1.0000000000000001e-17 -1 
7 0 0  7 8 2  2.5953068189318977 2.1575459465626214  2.6649509961867364 1.9742969426980288  2.7414962753075542 1.8224342210911573  2.8251649714686664 1.69810458971142  2.9158649208798124 1.5984444205253112  3.0129727104535959 1.5213786971348213  3.1150068104463848 1.4655179887465477  3.2200754334800159 1.4301178410777218 
 -1.02740997807296 8 -0.23316463508949362 8
5 -0.35961204058333696 -21.023396279973255 -0.02942753250700296 0.99956691638456574 -0.99956691638456574 -0.02942753250700296 0.62541683027991246 1.1692924760562371
1 0 0 1.2e-16 -1 
1 1.035234838922277 -5.0000000000000004e-16 2.5000000000000002e-16 -1 
7 0 0  7 8 2  3.0631098736995699 1.4301178410777216  3.168178496733201 1.4655179887465473  3.2702125967258553 1.5213786971345939  3.3673203863022536 1.5984444205255386  3.458020335709989 1.6981045897105105  3.5416890318724654 1.8224342210913278  3.6182343109928499 1.9742969426980292  3.6878784882476885 2.1575459465626219 
 0.23316463508949337 8 1.0274099780729604 8
5 1.394846879505625 -21.023396279973252 0.029427532507001478 0.99956691638456574 -0.99956691638456574 0.029427532507001478 0.62541683027991202 1.1692924760562364
7 0 0  5 6 2  3.6878784882476889 3.18e-15  3.6939286534936842 0.040987987277094629  3.6999062137757477 0.082743249148149012  3.7058116803923227 0.12527934339954583  3.7116456102079818 0.16861033518525717  3.717408597326743 0.21275082495653974 
 1.2259427582424633 6 1.2889449893229958 6
5 1.3215639821033243 -23.512601236682301 0.029427532507001478 0.99956691638456574 -0.99956691638456574 0.029427532507001478 1.8784094972218872 0.91469497158666324
1 -1.1e-16 0 2.5000000000000002e-16 -1 
1 9.216784608440582 1.8899999999999999e-15 2.8999999999999998e-16 -1 
7 0 0  6 7 2  3.6879610164097962 1.19e-15  3.7009735101666461 0.50579214197743327  3.7121361056723856 1.0855398434902384  3.7217682133669427 1.7525900805581216  3.7301209203074848 2.5235671739653895  3.7373949377882973 3.4194570684119148  3.7437533530015621 4.467932270072045 
 2.8943412839488869 7 3.6209571697038818 7
5 10.793345784713624 -23.886325343527595 0.069777924046068182 0.99756255007684658 -0.99756255007684658 0.069777924046068182 0.41601196673338758 0.20469247446503805
7 0 0  6 7 2  4.1102282809729207 4.4679322700720459  4.1165866961861859 3.4194570684119148  4.1238607136670851 2.5235671739654322  4.1322134206071723 1.7525900805580363  4.1418455283022126 1.085539843490281  4.1530081238078402 0.50579214197743261  4.1660206175646906 5.9999999999999999e-16 
 -3.6209571697038196 7 -2.8943412839488238 7
5 -1.5765611762730314 -23.886325343527606 -0.069777924046069167 0.99756255007684658 -0.99756255007684658 -0.069777924046069167 0.4160119667334134 0.20469247446505079
7 0 0  5 6 2  4.1365730366477429 0.21275082495653855  4.1423360237665046 0.16861033518525531  4.148169953582169 0.12527934339954361  4.1540754201987582 0.082743249148144349  4.1600529804808026 0.040987987277090999  4.1661031457267983 -9.8999999999999992e-16 
 -1.288944989322985 6 -1.2259427582424514 6
5 -0.28632914318103353 -23.512601236682315 -0.029427532507002849 0.99956691638456574 -0.99956691638456574 -0.029427532507002849 1.8784094972219052 0.91469497158667235
1 1.0352348389222774 2.1299999999999999e-15 8.0000000000000006e-17 -1 
1 0 0 -6.0000000000000001e-17 -1 
7 0 0  7 8 2  4.1661031457267974 2.1575459465626228  4.235747322981636 1.9742969426980324  4.3122926021020476 1.8224342210913278  4.3959612982639555 1.6981045897111926  4.4866612476726004 1.5984444205253112  4.5837690372491124 1.5213786971347076  4.6858031372412823 1.4655179887465546  4.7908717602749125 1.4301178410777289 
 -1.027409978072954 8 -0.2331646350894942 8
5 -0.35961204058333834 -21.023396279973266 -0.029427532507002849 0.99956691638456574 -0.99956691638456574 -0.029427532507002849 0.62541683027991579 1.1692924760562433
1 0 0 8.0000000000000006e-17 -1 
1 1.0352348389222772 5.3000000000000003e-16 2.1000000000000001e-16 -1 
7 0 0  7 8 2  4.6339062004944651 1.4301178410777238  4.7389748235280962 1.4655179887465495  4.8410089235194391 1.5213786971345939  4.9381167130982249 1.5984444205253112  5.0288166625041413 1.6981045897116473  5.1124853586682093 1.8224342210913278  5.1890306377877451 1.9742969426980304  5.2586748150425837 2.1575459465626223 
 0.23316463508949278 8 1.0274099780729578 8
5 1.3948468795056244 -21.023396279973266 0.029427532507001551 0.99956691638456585 -0.99956691638456585 0.029427532507001551 0.6254168302799139 1.1692924760562398
7 0 0  5 6 2  5.2586748150425828 8.9000000000000007e-16  5.2647249802885785 0.040987987277093817  5.2707025405706318 0.082743249148150122  5.2766080071872281 0.12527934339955116  5.2824419370028766 0.16861033518526092  5.2882049241216382 0.21275082495654521 
 1.2259427582424571 6 1.2889449893229921 6
5 1.3215639821033234 -23.512601236682311 0.029427532507001551 0.99956691638456585 -0.99956691638456585 0.029427532507001551 1.8784094972218957 0.91469497158666746
1 -1.1e-16 -0 2.1000000000000001e-16 -1 
1 9.2167846084405873 -1.1e-16 2.8000000000000001e-16 -1 
7 0 0  6 7 2  5.2587573432046932 1.19e-15  5.2717698369615436 0.50579214197743383  5.2829324324671347 1.0855398434902099  5.2925645401620613 1.75259008055815  5.3009172471022339 2.5235671739653611  5.3081912645831943 3.4194570684119179  5.3145496797964586 4.4679322700720494 
 2.8943412839488891 7 3.6209571697038845 7
5 10.793345784713626 -23.886325343527606 0.069777924046068196 0.99756255007684669 -0.99756255007684669 0.069777924046068196 0.41601196673338675 0.20469247446503766
7 0 0  6 7 2  5.6810246077678181 4.4679322700720459  5.6873830229810833 3.4194570684119148  5.6946570404618342 2.5235671739653185  5.7030097474023478 1.75259008055815  5.7126418550969333 1.0855398434901815  5.7238044506027368 0.50579214197743272  5.7368169443595871 5.9999999999999999e-16 
 -3.6209571697038281 7 -2.8943412839488323 7
5 -1.5765611762730378 -23.886325343527606 -0.06977792404606882 0.99756255007684658 -0.99756255007684658 -0.06977792404606882 0.41601196673340984 0.2046924744650491
7 0 0  5 6 2  5.7073693634426395 0.21275082495654363  5.7131323505614011 0.1686103351852602  5.7189662803770602 0.12527934339954716  5.7248717469936565 0.08274324914815101  5.7308493072756983 0.040987987277095059  5.736899472521694 2.8799999999999999e-15 
 -1.2889449893229878 6 -1.225942758242454 6
5 -0.28632914318103719 -23.512601236682311 -0.02942753250700255 0.99956691638456574 -0.99956691638456574 -0.02942753250700255 1.8784094972219016 0.91469497158667035
1 1.0352348389222774 1.9000000000000001e-15 -1.0000000000000001e-17 -1 
1 0 0 -3.1000000000000001e-16 -1 
7 0 0  7 8 2  5.736899472521694 2.1575459465626228  5.7990341289761744 1.9940561280371101  5.8666617965598107 1.8555489374563763  5.9399408415019934 1.7392880241627608  6.0188285858903328 1.6431640875068751  6.1029637739011378 1.5655810366184824  6.1914818852736282 1.5053921234125862  6.2831853071795853 1.4618688527447148 
 -1.0274099780729546 8 -0.31880570601343949 8
5 -0.35961204058334106 -21.023396279973262 -0.02942753250700255 0.99956691638456574 -0.99956691638456574 -0.02942753250700255 0.62541683027991535 1.1692924760562424
1 0 0 1 0 
1 6.2831853071795862 0 0 1 
1 0 0 0 1 
Curves 72
2 0 -12 0 -0 -1 -0 1 -0 0 -0 0 1 2.4000000000000026
2 0 -11.4 0 -0 -1 -0 1 -0 0 -0 0 1 3
1 2.4000000000000026 -12 0 0.70710678118654624 0.70710678118654891 0 
2 0 -3.5899494936611651 0 -0 -1 -0 1 -0 0 -0 0 1 3
1 3 -11.4 0 0 1 0 
2 0 -3.0949747468305819 0 -0 -1 -0 1 -0 0 -0 0 1 3.205025253169417
2 3.7000000000000002 -3.5899494936611651 0 0 0 1 1 0 -0 -0 1 0 0.69999999999999996
2 0 -0.70000000000000007 0 -0 -1 -0 1 -0 0 -0 0 1 5.5999999999999996
1 3.205025253169417 -3.0949747468305819 0 0.70710678118654768 0.70710678118654746 0 
2 0 0 0 -0 -1 -0 1 -0 0 -0 0 1 5.5999999999999996
1 5.5999999999999996 -0.69999999999999996 0 0 1 0 
1 0.50565301704048471 1.7809496361272608 1.6000000000000001e-16 0.95589059604186599 0.29372294496468287 7.0000000000000003e-17 
1 3.9769146375225111 4.8287944817672397 1.8300000000000002e-15 0.71758644559759432 0.69646944878767714 1.5e-16 
2 -0 0 0 -1.1100000000000001e-15 2.8000000000000001e-16 1 0 1 -2.8000000000000001e-16 -1 -3.1080000000000003e-31 -1.1100000000000001e-15 3.3999999999922146
1 1.6270132839644911 0.67805523556056913 -1.8300000000000002e-15 -0.69646944878767714 -0.71758644559759432 -1.6000000000000001e-16 
1 1.6289793676675299 0.01108167697688053 1.7299999999999999e-15 -0.29372294496468354 -0.95589059604186588 -2.1000000000000001e-16 
1 1.7809496361272594 -0.5056530170404816 -3.5000000000000001e-15 0.29372294496468293 -0.95589059604186599 -2.1000000000000001e-16 
1 4.8287944817672335 -3.9769146375225066 -1.7199999999999999e-15 0.69646944878767725 -0.71758644559759432 -1.6000000000000001e-16 
2 -0 0 0 -1.1100000000000001e-15 2.8000000000000001e-16 1 0 1 -2.8000000000000001e-16 -1 -3.1080000000000003e-31 -1.1100000000000001e-15 3.3999999999922146
1 0.67805523556056357 -1.6270132839644769 -6.0000000000000001e-17 -0.71758644559759432 0.69646944878767725 1.5e-16 
1 0.011081676976869291 -1.6289793676675162 -1.6000000000000001e-16 -0.95589059604186588 0.29372294496468343 7.0000000000000003e-17 
1 -0.50565301704049648 -1.7809496361272505 -1.94e-15 -0.95589059604186599 -0.29372294496468299 -7.0000000000000003e-17 
1 -3.9769146375225146 -4.8287944817672281 -1.8300000000000002e-15 -0.71758644559759432 -0.69646944878767714 -1.5e-16 
2 -0 0 0 -1.1100000000000001e-15 2.8000000000000001e-16 1 0 1 -2.8000000000000001e-16 -1 -3.1080000000000003e-31 -1.1100000000000001e-15 3.3999999999922146
1 -1.6270132839644806 -0.67805523556057601 -1.7199999999999999e-15 0.69646944878767725 0.71758644559759432 1.6000000000000001e-16 
1 -1.6289793676675142 -0.011081676976877061 4.9999999999999999e-17 0.29372294496468315 0.95589059604186599 2.1000000000000001e-16 
1 -1.7809496361272501 0.50565301704049748 -4.9999999999999999e-17 -0.29372294496468326 0.95589059604186588 2.1000000000000001e-16 
1 -4.8287944817672335 3.9769146375225199 -4.9999999999999999e-17 -0.69646944878767725 0.71758644559759432 1.6000000000000001e-16 
2 -0 0 0 -1.1100000000000001e-15 2.8000000000000001e-16 1 0 1 -2.8000000000000001e-16 -1 -3.1080000000000003e-31 -1.1100000000000001e-15 3.3999999999922146
1 -0.67805523556057523 1.6270132839644962 6.0000000000000001e-17 0.71758644559759421 -0.69646944878767725 -1.5e-16 
1 -0.011081676976883561 1.6289793676675317 -3.3899999999999999e-15 0.95589059604186577 -0.2937229449646836 -7.0000000000000003e-17 
1 2.5280000000000001e-14 3.3300870521189991 -16.927531819153955 -1.4000000000000001e-15 -0.10018806161207605 0.9949685182509117 
5 -0.34389870471141853 1.1191823569117227 -3.9795518147279942 -0.29237170472273688 0.951493126036841 -0.095810319810347308 -0.028141689292704001 0.09158418371047447 0.9953996095126012 0.95589059604186588 0.29372294496468321 6.9735883734267645e-16 0.62541683027991368 1.1692924760562395
5 -0.27381792139484268 0.89111177923310259 -6.4583789960707403 -0.29237170472273688 0.951493126036841 -0.095810319810347308 -0.028141689292704001 0.09158418371047447 0.9953996095126012 0.95589059604186588 0.29372294496468321 6.9735883734267645e-16 1.8784094972218948 0.91469497158666691
1 -0.98999999999997534 3.6312375312026175 -16.89720756044678 -1.4000000000000001e-15 -0.10018806161207605 0.9949685182509117 
5 -0.14408320176190254 0.14845181336039664 -6.7592110715959093 -0.69465837045899759 0.71572045526185402 -0.072069260236348909 -0.050194037951345791 0.05171592428984944 0.9973996299021699 0.71758644559759421 0.69646944878767725 2.8449465006019631e-16 0.41601196673338814 0.20469247446503833
5 0.14845181336041344 -0.14408320176191908 -6.7592110715959066 0.71572045526185424 -0.69465837045899759 -0.072069260236346411 0.051715924289847677 -0.050194037951344042 0.99739962990217013 -0.69646944878767725 -0.71758644559759432 -2.7061686225238191e-16 0.4160119667334089 0.2046924744650486
5 0.89111177923311413 -0.27381792139485256 -6.4583789960707403 0.95149312603684111 -0.2923717047227371 -0.095810319810345518 0.091584183710473041 -0.028141689292702617 0.99539960951260142 -0.29372294496468332 -0.95589059604186588 2.2204460492503131e-16 1.8784094972219001 0.91469497158666946
2 2.6599999999999998e-15 -5.0000000000000004e-16 -2.9985061137858628 4.4e-16 -6.0999999999999995e-16 -1 -1.1e-16 1 -6.0999999999999995e-16 1 1.1000000000000027e-16 4.3999999999999995e-16 1.9050000000000005
1 -16.89720756044678 0.99000000000002009 3.6312375312026175 0.9949685182509117 -1.01e-15 -0.10018806161207616 
5 1.1191823569117307 -0.34389870471142497 -3.9795518147279925 0.95149312603684111 -0.2923717047227371 -0.095810319810345518 0.091584183710473041 -0.028141689292702617 0.99539960951260142 -0.29372294496468332 -0.95589059604186588 2.2204460492503131e-16 0.6254168302799149 1.1692924760562418
1 -16.927531819153955 1.9099999999999999e-14 3.3300870521190009 0.9949685182509117 -1.01e-15 -0.10018806161207616 
5 1.1191823569117274 0.34389870471141981 -3.9795518147279907 0.95149312603684111 0.29237170472273694 -0.095810319810346184 0.091584183710473388 0.02814168929270372 0.99539960951260142 0.29372294496468326 -0.95589059604186599 7.4593109467002705e-16 0.62541683027991313 1.1692924760562386
5 0.8911117792331098 0.27381792139484468 -6.4583789960707385 0.95149312603684111 0.29237170472273694 -0.095810319810346184 0.091584183710473388 0.02814168929270372 0.99539960951260142 0.29372294496468326 -0.95589059604186599 7.4593109467002705e-16 1.8784094972218912 0.91469497158666502
1 -16.89720756044678 -0.98999999999998134 3.6312375312026197 0.9949685182509117 -1.01e-15 -0.10018806161207616 
5 0.14845181336040439 0.14408320176190351 -6.7592110715959093 0.71572045526185424 0.69465837045899759 -0.072069260236347965 0.051715924289848281 0.050194037951345617 0.9973996299021699 0.69646944878767725 -0.71758644559759432 9.7144514654701197e-16 0.41601196673338353 0.20469247446503602
5 -0.14408320176190673 -0.14845181336040775 -6.7592110715959066 -0.69465837045899759 -0.71572045526185413 -0.072069260236347535 -0.050194037951345347 -0.051715924289847982 0.99739962990217013 -0.71758644559759421 0.69646944878767725 -9.8532293435482623e-16 0.41601196673340013 0.20469247446504427
5 -0.2738179213948424 -0.89111177923310714 -6.4583789960707421 -0.29237170472273716 -0.951493126036841 -0.095810319810346156 -0.02814168929270397 -0.091584183710473277 0.99539960951260131 -0.95589059604186588 0.29372294496468354 -9.8879238130678024e-16 1.8784094972218908 0.91469497158666513
2 2.6599999999999998e-15 -5.0000000000000004e-16 -2.9985061137858628 4.4e-16 -6.0999999999999995e-16 -1 -1.1e-16 1 -6.0999999999999995e-16 1 1.1000000000000027e-16 4.3999999999999995e-16 1.9050000000000005
1 0.98999999999999455 -3.6312375312026171 16.89720756044677 3.2999999999999999e-16 0.10018806161207619 -0.99496851825091182 
5 -0.3438987047114182 -1.1191823569117243 -3.9795518147279925 -0.29237170472273716 -0.951493126036841 -0.095810319810346156 -0.02814168929270397 -0.091584183710473277 0.99539960951260131 -0.95589059604186588 0.29372294496468354 -9.8879238130678024e-16 0.62541683027991246 1.1692924760562371
1 -5.6400000000000001e-15 -3.3300870521189996 16.927531819153945 3.2999999999999999e-16 0.10018806161207619 -0.99496851825091182 
5 0.34389870471142447 -1.1191823569117239 -3.9795518147279907 0.29237170472273677 -0.95149312603684111 -0.095810319810345962 0.028141689292702252 -0.09158418371047361 0.99539960951260131 -0.95589059604186599 -0.29372294496468299 -7.0429773124658378e-16 0.62541683027991202 1.1692924760562364
5 0.27381792139485284 -0.89111177923310558 -6.4583789960707403 0.29237170472273677 -0.95149312603684111 -0.095810319810345962 0.028141689292702252 -0.09158418371047361 0.99539960951260131 -0.95589059604186599 -0.29372294496468299 -7.0429773124658378e-16 1.8784094972218872 0.91469497158666324
1 -0.99000000000000599 -3.6312375312026166 16.89720756044677 3.2999999999999999e-16 0.10018806161207619 -0.99496851825091182 
5 0.1440832017619143 -0.14845181336040328 -6.7592110715959084 0.69465837045899748 -0.71572045526185435 -0.072069260236347091 0.050194037951344105 -0.051715924289848544 0.99739962990217002 -0.71758644559759444 -0.69646944878767714 -2.7755575615628914e-16 0.41601196673338758 0.20469247446503805
5 -0.14845181336040303 0.14408320176191386 -6.7592110715959066 -0.71572045526185413 0.6946583704589977 -0.072069260236347965 -0.051715924289849127 0.05019403795134475 0.9973996299021699 0.69646944878767725 0.71758644559759421 2.4286128663675294e-16 0.4160119667334134 0.20469247446505082
5 -0.89111177923310503 0.2738179213948469 -6.4583789960707438 -0.951493126036841 0.29237170472273721 -0.095810319810347058 -0.091584183710474387 0.028141689292703487 0.99539960951260131 0.29372294496468349 0.95589059604186577 -2.0122792321330957e-16 1.8784094972219052 0.91469497158667235
2 2.6599999999999998e-15 -5.0000000000000004e-16 -2.9985061137858628 4.4e-16 -6.0999999999999995e-16 -1 -1.1e-16 1 -6.0999999999999995e-16 1 1.1000000000000027e-16 4.3999999999999995e-16 1.9050000000000005
1 16.897207560446773 -0.99000000000001864 3.6312375312026397 -0.9949685182509117 1.08e-15 -0.10018806161207741 
5 -1.1191823569117247 0.34389870471142153 -3.9795518147279942 -0.951493126036841 0.29237170472273721 -0.095810319810347058 -0.091584183710474387 0.028141689292703487 0.99539960951260131 0.29372294496468349 0.95589059604186577 -2.0122792321330957e-16 0.62541683027991579 1.1692924760562433
1 16.927531819153948 -1.8049999999999999e-14 3.3300870521190213 -0.9949685182509117 1.08e-15 -0.10018806161207741 
5 -1.1191823569117212 -0.34389870471142392 -3.9795518147279942 -0.951493126036841 -0.29237170472273682 -0.095810319810347197 -0.09158418371047479 -0.028141689292702578 0.9953996095126012 -0.2937229449646831 0.95589059604186599 -7.4593109467002715e-16 0.6254168302799139 1.1692924760562398
5 -0.89111177923310059 -0.27381792139485162 -6.4583789960707403 -0.951493126036841 -0.29237170472273682 -0.095810319810347197 -0.09158418371047479 -0.028141689292702578 0.9953996095126012 -0.2937229449646831 0.95589059604186599 -7.4593109467002715e-16 1.8784094972218957 0.91469497158666746
1 16.897207560446773 0.98999999999998278 3.6312375312026384 -0.9949685182509117 1.08e-15 -0.10018806161207741 
5 -0.14845181336039362 -0.14408320176191139 -6.7592110715959093 -0.71572045526185424 -0.69465837045899748 -0.072069260236348312 -0.051715924289849904 -0.050194037951344472 0.99739962990217002 -0.69646944878767714 0.71758644559759444 -9.6450625264310455e-16 0.41601196673338675 0.20469247446503766
5 0.14408320176192205 0.14845181336040447 -6.7592110715959066 0.69465837045899759 0.71572045526185413 -0.072069260236347049 0.050194037951343605 0.051715924289848995 0.99739962990217002 0.71758644559759421 -0.69646944878767725 9.6450625264310474e-16 0.41601196673340984 0.2046924744650491
5 0.27381792139485528 0.89111177923310592 -6.4583789960707403 0.29237170472273716 0.95149312603684111 -0.095810319810346559 0.028141689292702169 0.091584183710474221 0.9953996095126012 0.95589059604186588 -0.29372294496468332 9.9573127521068727e-16 1.8784094972219016 0.91469497158667035
2 2.6599999999999998e-15 -5.0000000000000004e-16 -2.9985061137858628 4.4e-16 -6.0999999999999995e-16 -1 -1.1e-16 1 -6.0999999999999995e-16 1 1.1000000000000027e-16 4.3999999999999995e-16 1.9050000000000005
1 0.99000000000002608 3.6312375312026162 -16.89720756044678 -1.4000000000000001e-15 -0.10018806161207605 0.9949685182509117 
5 0.34389870471142664 1.1191823569117259 -3.9795518147279925 0.29237170472273716 0.95149312603684111 -0.095810319810346559 0.028141689292702169 0.091584183710474221 0.9953996095126012 0.95589059604186588 -0.29372294496468332 9.9573127521068727e-16 0.62541683027991535 1.1692924760562424
1 2.67e-15 1.3400000000000001e-15 -4.0114125811009815 -7.9999999999999998e-16 0.8829475928589271 0.46947156278589064 
Polygon3D 0
PolygonOnTriangulations 0
Surfaces 28
1 0 -12 0 -0 -1 -0 -1 0 -0 -0 -0 1 
3 0 -12 0 0 1 0 1 0 0 -0 -0 1 2.4000000000000026
0.78539816339744639
2 0 -11.4 0 0 1 0 1 0 0 -0 -0 1 3
5 0 -3.5899494936611651 0 0 1 0 1 -0 0 -0 -0 1 3.7000000000000002 0.69999999999999996
3 0 -3.0949747468305819 0 0 1 0 1 0 0 -0 -0 1 3.205025253169417
0.78539816339744839
2 0 -0.69999999999999996 0 0 1 0 1 0 0 -0 -0 1 5.5999999999999996
1 0 0 0 -0 -1 -0 1 -0 0 -0 0 1 
1 -0.98999999999997523 3.6312375312026175 -16.89720756044678 0.29237170472273744 0.951493126036841 0.095810319810345934 0.95630475596303521 -0.29090064182647535 -0.029292154366387609 1.6514567491299204e-15 0.10018806161207555 -0.99496851825091182 
1 -7.6199999999999752 10.001539962868266 -16.255751835160893 0.69465837045899803 0.71572045526185368 0.072069260236347854 0.71933980033865053 -0.69116320954618238 -0.069596475618888848 1.6167622796103842e-15 0.10018806161207541 -0.99496851825091182 
3 2.6599999999999998e-15 -5.0000000000000004e-16 -2.9985061137858628 -8.9000000000000007e-16 1.7e-16 1 -1.1000000000000039e-16 1 -1.700000000000001e-16 1 1.1000000000000054e-16 8.9000000000000007e-16 1.9050000000000007
0.46251225178459066
1 -16.89720756044678 0.99000000000002009 3.6312375312026175 0.072069260236346369 -0.69465837045899681 0.71572045526185502 0.069596475618890818 0.71933980033865175 0.69116320954618093 -0.9949685182509117 1.0200174038743624e-15 0.10018806161207569 
1 -16.927531819153955 1.9099999999999999e-14 3.3300870521190009 0.095810319810345393 -0.29237170472273616 0.95149312603684144 0.029292154366390186 0.95630475596303577 0.29090064182647379 -0.9949685182509117 1.1206313654810172e-15 0.10018806161207577 
1 -16.89720756044678 -0.98999999999998123 3.6312375312026197 0.095810319810345906 0.29237170472273782 0.95149312603684089 -0.029292154366388056 0.9563047559630351 -0.29090064182647568 -0.99496851825091182 1.2524703496552547e-15 0.10018806161207565 
1 -16.25575183516089 -7.6199999999999788 10.00153996286827 0.072069260236347646 0.69465837045899836 0.71572045526185346 -0.06959647561888925 0.7193398003386503 -0.69116320954618271 -0.9949685182509117 1.2281842209915788e-15 0.10018806161207551 
