<?xml version='1.0' encoding='utf-8'?>
<!-- FreeCAD DocumentObject -->
<Document SchemaVersion="4" FileVersion="2">
<Object name="Pocket001">
  <Properties Count="35" TransientCount="2">
    <_Property name="_Body" type="App::PropertyLinkHidden" status="251658241"/>
    <_Property name="_ElementMapVersion" type="App::PropertyString" status="234881024"/>
    <Property name="AddSubShape" type="Part::PropertyPartShape">
      <Part HasherIndex="0" ElementMap="1.15.70200.3.0" brep="1">
<![CDATA[

CASCADE Topology V1, (c) Matra-Datavision
Locations 13
1
              1               0               0               0 
              0               1               0               0 
              0               0               1               0 
1
              1               0               0               0 
              0 0.994968518250912 -0.100188061612076               0 
              0 0.100188061612076 0.994968518250912 -3.00141258110098 
1
             -0               0               1               0 
              1              -0               0               0 
              0               1              -0               0 
1
              1               0               0 -2.02002248070182 
              0               1               0 20.060860966045 
              0               0               1          -4e-15 
2  1 1 2 1 3 -1 4 1 0
1
              1               0               0 4.04004496140363 
              0               1               0 -40.1217219320901 
              0               0               1           9e-15 
2  1 1 2 1 3 -1 4 1 6 1 0
2  4 -1 3 1 2 -1 1 -1 0
2  6 -1 4 -1 3 1 2 -1 1 -1 0
2  2 -1 1 -1 0
2  3 -1 4 1 0
2  1 1 2 1 0
2  3 -1 4 1 6 1 0
Curve2ds 25
1 0 0 2.8999999999999998e-16 -1 
1 15.240000000000004 -2.0000000000000001e-17 -2e-16 -1 
1 -1.1e-16 -0 2.5999999999999998e-16 -1 
1 9.2167846084405838 1.9099999999999999e-15 2.8999999999999998e-16 -1 
1 0 0 1 -2.0000000000000001e-17 
1 1.216e-14 -40.324614493955437 1 -2.0000000000000001e-17 
1 -2.0305531479650987 7.6200000000000001 0.69465837045899748 -0.71933980033865097 
1 1.0352348389222767 -4.2000000000000002e-16 2.5999999999999998e-16 -1 
1 0 0 1.2e-16 -1 
1 0 0 1 -1.0000000000000001e-17 
1 9.93e-15 -40.324614493955451 1 -1.0000000000000001e-17 
1 4.3719634290058043 0.98999999999999999 0.29237170472273694 -0.95630475596303544 
1 1.0352348389222767 4.1000000000000001e-16 1.2e-16 -1 
1 0 0 -1.0000000000000001e-17 -1 
1 0 0 1 0 
1 4.76e-15 -40.324614493955451 1 0 
1 4.6746368036498787 -0 -0.29237170472273694 -0.95630475596303544 
1 9.2167846084405856 -1.92e-15 -1.0000000000000001e-17 -1 
1 0 0 -2e-16 -1 
1 0 0 1 1.0000000000000001e-17 
1 -8.8e-16 -40.324614493955451 1 1.0000000000000001e-17 
1 4.3719634290058043 -0.98999999999999999 -0.69465837045899748 -0.71933980033865097 
1 0 0 1 0 
1 -7.9799999999999995e-15 -40.324614493955451 1 0 
1 -2.0305531479650987 -7.6200000000000001 0 1 
Curves 10
1 -10.001539962868257 16.255751835160869 -7.6200000000000054 0.1001880616120763 -0.99496851825091182 2.2e-16 
1 -3.6312375312026184 16.89720756044677 -0.9900000000000041 0.1001880616120763 -0.99496851825091182 2.2e-16 
1 -7.6200000000000001 -8.0218794220719829 0 0.71933980033865097 0.69465837045899748 0 
1 -3.3300870521190014 16.927531819153945 -3.7600000000000004e-15 0.1001880616120763 -0.99496851825091182 2.2e-16 
1 -0.98999999999999999 -1.61936284510108 0 0.95630475596303544 0.29237170472273694 0 
1 -3.6312375312026188 16.89720756044677 0.98999999999999644 0.1001880616120763 -0.99496851825091182 2.2e-16 
1 0 -1.316689470457006 0 0.95630475596303544 -0.29237170472273694 0 
1 -10.001539962868261 16.255751835160869 7.6199999999999983 0.1001880616120763 -0.99496851825091182 2.2e-16 
1 0.98999999999999999 -1.61936284510108 0 0.71933980033865097 -0.69465837045899748 0 
1 7.6200000000000001 -8.0218794220719829 0 -1 0 0 
Polygon3D 0
PolygonOnTriangulations 0
Surfaces 6
1 -10.001539962868257 16.255751835160869 -7.6200000000000054 -0.71572045526185435 -0.072069260236347271 0.69465837045899759 0.6911632095461816 0.069596475618890416 0.71933980033865086 -0.10018806161207608 0.99496851825091182 -1.3877787807814457e-17 
1 -10.001539962868261 16.255751835160869 7.6199999999999983 0.99496851825091182 0.1001880616120763 2.2e-16 2.211013565069093e-16 1.109007687650911e-19 -1 -0.1001880616120763 0.99496851825091182 -2.2041373554656789e-17 
1 -3.6312375312026184 16.89720756044677 -0.99000000000000399 -0.95149312603684122 -0.095810319810346115 0.29237170472273677 0.29090064182647446 0.029292154366389284 0.95630475596303544 -0.10018806161207622 0.9949685182509117 1.7347234759768071e-17 
1 0 -5.9611810253058826 -3.6016719469892493 0 -0.10018806161207626 0.9949685182509117 0 0.9949685182509117 0.10018806161207626 -1 0 0 
1 -3.3300870521190014 16.927531819153945 -3.7600000000000004e-15 -0.951493126036841 -0.095810319810346226 -0.29237170472273716 -0.2909006418264749 -0.029292154366389281 0.95630475596303544 -0.10018806161207633 0.99496851825091182 -1.0061396160665481e-16 
1 -3.6312375312026188 16.89720756044677 0.98999999999999644 -0.71572045526185413 -0.072069260236347549 -0.69465837045899759 -0.69116320954618171 -0.069596475618890416 0.71933980033865086 -0.1001880616120763 0.9949685182509117 -2.0816681711721688e-16 
Triangulations 0

TShapes 29
Ve
1e-07
-7.62 -8.02187942207198 0
0 0

0101101
*
Ed
 1e-07 1 1 0
1  1 0 0 40.3246144939554
2  1 1 0 0 40.3246144939554
2  2 2 0 0 40.3246144939554
0

0101000
+29 5 -29 7 *
Ve
1e-07
-0.99 -1.61936284510108 0
0 0

0101101
*
Ed
 1e-07 1 1 0
1  2 0 0 40.3246144939554
2  3 3 0 0 40.3246144939554
2  4 1 0 0 40.3246144939554
0

0101000
+27 5 -27 7 *
Ed
 1e-07 1 1 0
1  3 0 0 9.21678460844058
2  5 1 8 0 9.21678460844058
2  6 1 9 0 9.21678460844058
2  7 4 10 0 9.21678460844058
0

0101000
+29 0 -27 0 *
Wi

0101100
+28 0 -26 0 -25 5 +25 7 *
Fa
0  1e-07 1 0

0111000
+24 0 *
Ve
1e-07
0 -1.31668947045701 0
0 0

0101101
*
Ed
 1e-07 1 1 0
1  4 0 0 40.3246144939554
2  8 3 0 0 40.3246144939554
2  9 5 0 0 40.3246144939554
0

0101000
+22 5 -22 7 *
Ed
 1e-07 1 1 0
1  5 0 0 1.03523483892228
2  10 3 8 0 1.03523483892228
2  11 3 9 0 1.03523483892228
2  12 4 10 0 1.03523483892228
0

0101000
+27 0 -22 0 *
Wi

0101100
+26 0 -21 0 -20 5 +20 7 *
Fa
0  1e-07 3 0

0111000
+19 0 *
Ve
1e-07
0.99 -1.61936284510108 0
0 0

0101101
*
Ed
 1e-07 1 1 0
1  6 0 0 40.3246144939554
2  13 5 0 0 40.3246144939554
2  14 6 0 0 40.3246144939554
0

0101000
+17 5 -17 7 *
Ed
 1e-07 1 1 0
1  7 0 0 1.03523483892228
2  15 5 8 0 1.03523483892228
2  16 5 9 0 1.03523483892228
2  17 4 10 0 1.03523483892228
0

0101000
+22 0 -17 0 *
Wi

0101100
+21 0 -16 0 -15 5 +15 7 *
Fa
0  1e-07 5 0

0111000
+14 0 *
Ve
1e-07
7.62 -8.02187942207198 0
0 0

0101101
*
Ed
 1e-07 1 1 0
1  8 0 0 40.3246144939554
2  18 6 0 0 40.3246144939554
2  19 2 0 0 40.3246144939554
0

0101000
+12 5 -12 7 *
Ed
 1e-07 1 1 0
1  9 0 0 9.21678460844058
2  20 6 8 0 9.21678460844058
2  21 6 9 0 9.21678460844058
2  22 4 10 0 9.21678460844058
0

0101000
+17 0 -12 0 *
Wi

0101100
+16 0 -11 0 -10 5 +10 7 *
Fa
0  1e-07 6 0

0111000
+9 0 *
Ed
 1e-07 1 1 0
1  10 0 0 15.24
2  23 2 8 0 15.24
2  24 2 9 0 15.24
2  25 4 10 0 15.24
0

0101000
+12 0 -29 0 *
Wi

0101100
+11 0 -28 0 -7 5 +7 7 *
Fa
0  1e-07 2 0

0111000
+6 0 *
Wi

0101100
+25 0 +20 0 +15 0 +10 0 +7 0 *
Fa
0  1e-07 4 0

0111000
-4 12 *
Sh

0101100
-23 0 -18 0 -13 0 -8 0 -5 0 +3 11 -3 13 *
So

0100000
+2 0 *

+1 0 ]]>
      </Part>
      <ElementMap count="37">
<![CDATA[
Edge1	#6e;:G;XTR;:T1874:3:E 2 10 110
Edge10	#78;:U;XTR;:T1874:3:E 3 28 116 120
Edge11	#6f;:G;XTR;:T1874:3:E 2 18 111
Edge12	#1d;:T1874:3:E 1 29
Edge13	#79;:U;XTR;:T1874:3:E 3 29 117 121
Edge14	#1e;:T1874:3:E 1 30
Edge15	#7a;:U;XTR;:T1874:3:E 3 30 118 122
Edge2	#70;:G;XTR;:T1874:3:E 2 12 112
Edge3	#1a;:T1874:3:E 1 26
Edge4	#7b;:U;XTR;:T1874:3:E 3 26 109 123
Edge5	#71;:G;XTR;:T1874:3:E 2 14 113
Edge6	#1b;:T1874:3:E 1 27
Edge7	#7c;:U;XTR;:T1874:3:E 3 27 115 124
Edge8	#72;:G;XTR;:T1874:3:E 2 16 114
Edge9	#1c;:T1874:3:E 1 28
Face1	#6d;:G;XTR;:T1874:3:F 2 26 109
Face2	#73;:G;XTR;:T1874:3:F 2 27 115
Face3	#74;:G;XTR;:T1874:3:F 2 28 116
Face4	#75;:G;XTR;:T1874:3:F 2 29 117
Face5	#76;:G;XTR;:T1874:3:F 2 30 118
Face6	#6d;FAC;:T1874:3:F 1 109
Face7	#77;:G0;XTR;:T1874:3:F 2 109 119
Vertex1	#13;:T1874:3:V 1 19
Vertex1	#a;:T1874:2:V 1 10
Vertex10	#7d;:U;XTR;:T1874:3:V 3 18 111 125
Vertex2	#7e;:U;XTR;:T1874:3:V 3 10 110 126
Vertex3	#c;:T1874:2:V 1 12
Vertex3	#d;:T1874:2:V 1 13
Vertex4	#7f;:U;XTR;:T1874:3:V 3 12 112 127
Vertex5	#e;:T1874:2:V 1 14
Vertex5	#f;:T1874:2:V 1 15
Vertex6	#80;:U;XTR;:T1874:3:V 3 14 113 128
Vertex7	#10;:T1874:3:V 1 16
Vertex7	#11;:T1874:3:V 1 17
Vertex8	#81;:U;XTR;:T1874:3:V 3 16 114 129
Vertex9	#12;:T1874:3:V 1 18
Vertex9	#14;:T1874:3:V 1 20
]]>
      </ElementMap>
    </Property>
    <Property name="AllowMultiFace" type="App::PropertyBool">
      <Bool value="true"/>
    </Property>
    <Property name="BaseFeature" type="App::PropertyLink" status="8">
      <Link value="Revolution001"/>
    </Property>
    <Property name="ClaimChildren" type="App::PropertyBool" status="134217728">
      <Bool value="false"/>
    </Property>
    <Property name="ColoredElements" type="App::PropertyLinkSubHidden" status="218103808">
      <LinkSub value="" count="0">
      </LinkSub>
    </Property>
    <Property name="ExpressionEngine" type="App::PropertyExpressionEngine" status="67108864">
      <ExpressionEngine count="0"></ExpressionEngine>
    </Property>
    <Property name="Fit" type="App::PropertyDistance">
      <Float value="0"/>
    </Property>
    <Property name="FitJoin" type="App::PropertyEnumeration">
      <Integer value="0"/>
    </Property>
    <Property name="InnerFit" type="App::PropertyDistance">
      <Float value="0"/>
    </Property>
    <Property name="InnerFitJoin" type="App::PropertyEnumeration">
      <Integer value="0"/>
    </Property>
    <Property name="InnerTaperAngle" type="App::PropertyAngle">
      <Float value="0"/>
    </Property>
    <Property name="InnerTaperAngleRev" type="App::PropertyAngle">
      <Float value="0"/>
    </Property>
    <Property name="Label" type="App::PropertyString" status="134217728">
      <String value="Pocket001"/>
    </Property>
    <Property name="Label2" type="App::PropertyString" status="128">
      <String value=""/>
    </Property>
    <Property name="Length" type="App::PropertyLength">
      <Float value="5"/>
    </Property>
    <Property name="Length2" type="App::PropertyLength">
      <Float value="100"/>
    </Property>
    <Property name="Linearize" type="App::PropertyBool">
      <Bool value="true"/>
    </Property>
    <Property name="Midplane" type="App::PropertyBool">
      <Bool value="true"/>
    </Property>
    <Property name="NewSolid" type="App::PropertyBool">
      <Bool value="false"/>
    </Property>
    <Property name="Offset" type="App::PropertyLength">
      <Float value="0"/>
    </Property>
    <Property name="Placement" type="App::PropertyPlacement" status="8388620">
      <PropertyPlacement Px="0" Py="0" Pz="0" Q0="0.5" Q1="0.5" Q2="0.5" Q3="0.5000000000000001" A="2.094395102393195" Ox="0.5773502691896258" Oy="0.5773502691896258" Oz="0.5773502691896258"/>
    </Property>
    <Property name="Profile" type="App::PropertyLinkSub">
      <LinkSub value="Sketch004" count="0">
      </LinkSub>
    </Property>
    <Property name="Refine" type="App::PropertyBool">
      <Bool value="false"/>
    </Property>
    <Property name="Reversed" type="App::PropertyBool">
      <Bool value="false"/>
    </Property>
    <Property name="Shape" type="Part::PropertyPartShape">
      <Part HasherIndex="0" ElementMap="1.15.70200.3.0" brep="1">
<![CDATA[

CASCADE Topology V1, (c) Matra-Datavision
Locations 11
1
              0              -0               1               0 
              1               0               0               0 
             -0               1               0               0 
1
              0              -0               1               0 
              1               0               0               0 
             -0               1               0               0 
1
             -0               0               1               0 
              1              -0               0               0 
              0               1              -0               0 
2  2 1 3 -1 0
1
              1               0               0               0 
              0               1               0               0 
              0               0               1               0 
1
              0              -0               1               0 
              1               0              -0               0 
             -0               1               0               0 
1
             -0               0               1               0 
              1              -0               0               0 
              0               1              -0               0 
2  5 1 6 1 7 -1 2 1 3 -1 0
2  7 1 6 -1 5 -1 0
2  5 1 6 1 7 -1 0
2  3 1 2 -1 0
Curve2ds 35
1 6.2831853071795862 0 0 1 
1 0 0 0 1 
1 0 2.1575459465626201 1 0 
1 0 -9.9999999999999998e-17 1 0 
8 -1.02740997807296 -0.23316463508949362
7 0 0  7 8 2  2.5953068189318977 2.1575459465626214  2.6649509961867364 1.9742969426980288  2.7414962753075542 1.8224342210911573  2.8251649714686664 1.69810458971142  2.9158649208798124 1.5984444205253112  3.0129727104535959 1.5213786971348213  3.1150068104463848 1.4655179887465477  3.2200754334800159 1.4301178410777218 
 -1.02740997807296 8 -0.23316463508949362 8
8 -1.02740997807296 -0.23316463508949362
5 -0.35961204058333696 -21.023396279973255 -0.02942753250700296 0.99956691638456574 -0.99956691638456574 -0.02942753250700296 0.62541683027991246 1.1692924760562371
8 0.23316463508949337 1.0274099780729604
7 0 0  7 8 2  3.0631098736995699 1.4301178410777216  3.168178496733201 1.4655179887465473  3.2702125967258553 1.5213786971345939  3.3673203863022536 1.5984444205255386  3.458020335709989 1.6981045897105105  3.5416890318724654 1.8224342210913278  3.6182343109928499 1.9742969426980292  3.6878784882476885 2.1575459465626219 
 0.23316463508949337 8 1.0274099780729604 8
8 0.23316463508949337 1.0274099780729604
5 1.394846879505625 -21.023396279973252 0.029427532507001489 0.99956691638456585 -0.99956691638456585 0.029427532507001489 0.62541683027991202 1.1692924760562364
1 0 0 1 0 
1 6.2831853071795862 0 0 1 
1 0 0 0 1 
1 0 4.4679322700720405 1 0 
2 0 0 1 -0 0 1 3.8985816080532527
8 -3.6209571697038512 -2.8943412839488563
7 0 0  6 7 2  2.5394319541780241 4.4679322700720441  2.5457903693912889 3.4194570684119143  2.553064386872137 2.5235671739654464  2.5614170938123948 1.7525900805580079  2.5710492015072077 1.0855398434902952  2.582211797012941 0.50579214197743372  2.5952242907697913 1.99e-15 
 -3.6209571697038512 7 -2.8943412839488563 7
8 -3.6209571697038512 -2.8943412839488563
5 -1.5765611762730289 -23.886325343527602 -0.069777924046069265 0.99756255007684658 -0.99756255007684658 -0.069777924046069265 0.41601196673340013 0.20469247446504427
8 -1.2889449893229907 -1.2259427582424611
7 0 0  5 6 2  2.565776709852845 0.21275082495652814  2.5715396969716062 0.16861033518524776  2.57737362678726 0.12527934339953828  2.5832790934038563 0.082743249148145681  2.589256653685903 0.040987987277091117  2.5953068189318977 1.59e-15 
 -1.2889449893229907 6 -1.2259427582424611 6
8 -1.2889449893229907 -1.2259427582424611
5 -0.28632914318103203 -23.512601236682301 -0.02942753250700296 0.99956691638456574 -0.99956691638456574 -0.02942753250700296 1.8784094972218908 0.91469497158666513
8 -1.0536666827541901 -0.017983306330801741
1 -1.7209868215938045 -0.017190073407354109 0.29372294496468326 -0.95589059604186599 
8 -1.0536666827541901 -0.017983306330801741
1 -0.0179755180554785 -16.008605366533718 -0.99956691638456574 -0.029427532507002963 
1 1.0352348389222767 4.1000000000000001e-16 1.2e-16 -1 
1 0 0 -1.0000000000000001e-17 -1 
1 1.0352348389222767 -4.2000000000000002e-16 2.5999999999999998e-16 -1 
1 0 0 1.2e-16 -1 
8 -0.49940994150690121 0.53627343491649282
1 -1.8729570900535353 -0.47738126665625763 -0.29372294496468315 -0.95589059604186588 
8 -0.49940994150690121 0.53627343491649282
1 0.53604118367843767 -15.99337975991407 -0.99956691638456574 0.029427532507001489 
8 1.2259427582424633 1.2889449893229958
7 0 0  5 6 2  3.6878784882476889 3.18e-15  3.6939286534936842 0.040987987277094629  3.6999062137757477 0.082743249148149012  3.7058116803923227 0.12527934339954583  3.7116456102079818 0.16861033518525717  3.717408597326743 0.21275082495653974 
 1.2259427582424633 6 1.2889449893229958 6
8 1.2259427582424633 1.2889449893229958
5 1.321563982103324 -23.512601236682301 0.029427532507001489 0.99956691638456585 -0.99956691638456585 0.029427532507001489 1.8784094972218872 0.91469497158666324
1 -1.1e-16 -0 2.5999999999999998e-16 -1 
1 9.2167846084405838 1.9099999999999999e-15 2.8999999999999998e-16 -1 
8 2.8943412839488869 3.6209571697038818
7 0 0  6 7 2  3.6879610164097962 1.19e-15  3.7009735101666461 0.50579214197743327  3.7121361056723856 1.0855398434902384  3.7217682133669427 1.7525900805581216  3.7301209203074848 2.5235671739653895  3.7373949377882973 3.4194570684119148  3.7437533530015621 4.467932270072045 
 2.8943412839488869 7 3.6209571697038818 7
8 2.8943412839488869 3.6209571697038818
5 10.793345784713622 -23.886325343527595 0.069777924046068182 0.99756255007684658 -0.99756255007684658 0.069777924046068182 0.41601196673338758 0.20469247446503805
8 -4.0923149457722294 -1.4100598825508825
1 -4.8806452372110831 -3.9265897362025983 -0.69646944878767736 -0.71758644559759421 
8 -4.0923149457722294 -1.4100598825508825
1 5.1344444754184586 -15.692045314516736 -0.99756255007684669 0.069777924046068182 
8 -3.1870996962016189 -0.50484463298028182
1 -1.6788640394083381 0.62773033424065838 0.69646944878767703 -0.71758644559759444 
8 -3.1870996962016189 -0.50484463298028182
1 -0.50361409946842051 -16.012825566430589 -0.99756255007684658 -0.069777924046069278 
Curves 17
1 0 -4.011412581100978 0 0.88294759285892688 0.46947156278589092 0 
2 -8.2999999999999998e-16 -2.9985061137858615 1.3299999999999999e-15 -2.8000000000000001e-16 -1 4.4e-16 1 -2.7999999999999992e-16 2.2e-16 -2.1999999999999988e-16 4.4000000000000005e-16 1 1.9050000000000005
5 -1.1191823569117239 -3.9795518147279925 -0.34389870471141865 -0.951493126036841 -0.095810319810346239 -0.29237170472273721 -0.091584183710473402 0.99539960951260131 -0.028141689292703862 0.29372294496468354 -8.4654505627668186e-16 -0.95589059604186577 0.62541683027991246 1.1692924760562371
5 -1.1191823569117234 -3.9795518147279907 0.34389870471142403 -0.95149312603684111 -0.095810319810346101 0.29237170472273677 -0.091584183710473721 0.99539960951260131 0.028141689292702367 -0.29372294496468304 -6.2796989830360427e-16 -0.95589059604186599 0.62541683027991202 1.1692924760562364
1 1.905 -2.9985061137858606 0 0.44619781311526185 0.89493436159930628 0 
2 2.8000000000000001e-16 0.99999999999999933 -4.4e-16 -2.8000000000000001e-16 -1 4.4e-16 1 -2.7999999999999992e-16 2.2e-16 -2.1999999999999988e-16 4.4000000000000005e-16 1 3.8985816080532527
5 -0.148451813360407 -6.7592110715959066 -0.14408320176190748 -0.71572045526185413 -0.072069260236347535 -0.69465837045899759 -0.051715924289848093 0.99739962990217013 -0.050194037951345236 0.69646944878767725 -8.2572837456495998e-16 -0.71758644559759421 0.41601196673340013 0.20469247446504427
5 -0.89111177923310647 -6.4583789960707421 -0.27381792139484312 -0.951493126036841 -0.095810319810346239 -0.29237170472273721 -0.091584183710473402 0.99539960951260131 -0.028141689292703862 0.29372294496468354 -8.4654505627668186e-16 -0.95589059604186577 1.8784094972218908 0.91469497158666513
1 -1.720986821593804 0.99999999999999822 -0.017190073407355649 0.29372294496468349 -8.5999999999999997e-16 -0.95589059604186588 
1 -3.6312375312026188 16.89720756044677 0.98999999999999644 0.1001880616120763 -0.99496851825091182 2.2e-16 
1 -3.3300870521190014 16.927531819153945 -3.7600000000000004e-15 0.1001880616120763 -0.99496851825091182 2.2e-16 
1 -1.8729570900535348 0.99999999999999767 -0.47738126665625924 -0.29372294496468293 -6.2999999999999998e-16 -0.95589059604186599 
5 -0.89111177923310492 -6.4583789960707403 0.27381792139485212 -0.95149312603684111 -0.095810319810346101 0.29237170472273677 -0.091584183710473721 0.99539960951260131 0.028141689292702367 -0.29372294496468304 -6.2796989830360427e-16 -0.95589059604186599 1.8784094972218872 0.91469497158666324
1 -3.6312375312026184 16.89720756044677 -0.9900000000000041 0.1001880616120763 -0.99496851825091182 2.2e-16 
5 -0.14845181336040253 -6.7592110715959084 0.14408320176191355 -0.71572045526185435 -0.072069260236347257 0.69465837045899748 -0.051715924289848662 0.99739962990217002 0.050194037951344216 -0.69646944878767714 -2.7755575615628914e-16 -0.71758644559759444 0.41601196673338758 0.20469247446503805
1 -4.8806452372110822 0.99999999999999578 -3.9265897362026014 -0.69646944878767714 -2.8999999999999998e-16 -0.71758644559759444 
1 -1.6788640394083378 0.99999999999999711 0.62773033424065683 0.69646944878767725 -8.2999999999999998e-16 -0.71758644559759421 
Polygon3D 0
PolygonOnTriangulations 0
Surfaces 7
3 -1.1100000000000001e-15 -4.0114125811009789 1.7800000000000001e-15 2.8000000000000001e-16 1 -4.4e-16 1 -2.7999999999999992e-16 2.2e-16 -2.1999999999999988e-16 4.4000000000000005e-16 1 2.2e-16
1.0821041362364843
3 -8.2999999999999998e-16 -2.9985061137858615 1.3299999999999999e-15 2.8000000000000001e-16 1 -4.4e-16 1 -2.7999999999999992e-16 2.2e-16 -2.1999999999999988e-16 4.4000000000000005e-16 1 1.9050000000000007
0.46251225178459066
1 -3.3300870521190014 16.927531819153945 -3.7600000000000004e-15 -0.951493126036841 -0.095810319810346226 -0.29237170472273716 -0.2909006418264749 -0.029292154366389281 0.95630475596303544 -0.10018806161207633 0.99496851825091182 -1.0061396160665481e-16 
1 -3.6312375312026184 16.89720756044677 -0.99000000000000399 -0.95149312603684122 -0.095810319810346115 0.29237170472273677 0.29090064182647446 0.029292154366389284 0.95630475596303544 -0.10018806161207622 0.9949685182509117 1.7347234759768071e-17 
1 2.8000000000000001e-16 0.99999999999999956 -4.4e-16 2.8000000000000001e-16 1 -4.4e-16 1 -2.7999999999999992e-16 2.2e-16 -2.1999999999999988e-16 4.4000000000000005e-16 1 
1 -3.6312375312026188 16.89720756044677 0.98999999999999644 -0.71572045526185413 -0.072069260236347549 -0.69465837045899759 -0.69116320954618171 -0.069596475618890416 0.71933980033865086 -0.1001880616120763 0.9949685182509117 -2.0816681711721688e-16 
1 -10.001539962868257 16.255751835160869 -7.6200000000000054 -0.71572045526185435 -0.072069260236347271 0.69465837045899759 0.6911632095461816 0.069596475618890416 0.71933980033865086 -0.10018806161207608 0.99496851825091182 -1.3877787807814457e-17 
Triangulations 0

TShapes 51
Ve
1e-07
0 -4.01141258110098 0
0 0

0101101
*
Ve
1e-07
1.905 -2.99850611378586 0
0 0

0101101
*
Ed
 1e-07 1 1 0
1  1 0 0 2.15754594656262
3  1 2CN 1 9 0 2.15754594656262
0

0101000
+51 0 -50 0 *
Ve
1.00000002e-07
-1.62774626970104 -2.99850611378586 0.989680292556314
0 0

0101101
*
Ed
 1e-07 1 1 0
1  2 0 0 2.5953068189319
2  3 1 0 0 2.5953068189319
2  4 2 0 0 2.5953068189319
0

0101000
+50 10 -48 11 *
Ve
1.00000007e-07
-1.29075358460638 -3.3251067262149 1e-15
0 0

0101101
*
Ed
 1e-07 1 1 0
1  3 0 -1.02740997807296 -0.318805706013438
2  5 1 4 -1.02740997807296 -0.318805706013438
2  6 3 0 -1.02740997807296 -0.318805706013438
0

0101000
+48 0 -46 0 *
Ve
1.00000003e-07
-1.62774626970104 -2.99850611378586 -0.989680292556311
0 0

0101101
*
Ed
 1e-07 1 1 0
1  4 0 0.31880570601344 1.02740997807296
2  7 1 4 0.31880570601344 1.02740997807296
2  8 4 0 0.31880570601344 1.02740997807296
0

0101000
+46 0 -44 0 *
Ed
 1e-07 1 1 0
1  2 0 3.68787848824769 6.28318530717959
2  3 1 0 3.68787848824769 6.28318530717959
2  4 2 0 3.68787848824769 6.28318530717959
0

0101000
+44 11 -50 10 *
Ed
 1e-07 1 1 1
2  9 1 0 0 6.28318530717959
0

0101000
+51 10 -51 10 *
Wi

0101100
-49 8 -47 4 -45 0 -43 0 -42 4 +49 8 +41 4 *
Fa
0  1e-07 1 4

0101000
+40 0 *
Ve
1e-07
3.89858160805325 1 0
0 0

0101101
*
Ed
 1e-07 1 1 0
1  5 0 0 4.46793227007204
3  10 11CN 2 9 0 4.46793227007204
0

0101000
+50 0 -38 0 *
Ve
1.50000004e-07
-3.21287438358961 1 2.20825196703745
0 0

0101101
*
Ed
 1e-07 1 1 0
1  6 0 0 2.53943195417802
2  12 2 0 0 2.53943195417802
2  13 5 0 0 2.53943195417802
0

0101000
+38 10 -36 11 *
Ve
1.00000007e-07
-1.62790553999081 -2.99790000814209 0.990000000000001
0 0

0101101
*
Ed
 1e-07 1 1 0
1  7 0 -3.62095716970385 -2.89450342884345
2  14 2 4 -3.62095716970385 -2.89450342884345
2  15 6 0 -3.62095716970385 -2.89450342884345
0

0101000
+36 0 -34 0 *
Ed
 1e-07 1 1 0
1  8 0 -1.22615093524492 -1.22594275824246
2  16 2 4 -1.22615093524492 -1.22594275824246
2  17 3 0 -1.22615093524492 -1.22594275824246
0

0101000
+34 0 -48 0 *
Wi

0101100
-37 8 -35 4 -33 0 -32 0 +47 4 *
Fa
0  1e-07 2 4

0101000
+31 0 *
Ve
1.50000003e-07
-2.03047290266353 1 0.99
0 0

0101101
*
Ve
1.50000007e-07
-1.72626893128949 1 -0
0 0

0101101
*
Ed
 1.5e-07 1 1 0
1  9 0 -1.05366668275419 -0.017983306330802
2  18 5 4 -1.05366668275419 -0.017983306330802
2  19 3 0 -1.05366668275419 -0.017983306330802
0

0101000
+29 0 -28 0 *
Ed
 1e-07 1 1 0
1  10 0 15.9775985559754 19.9957156469263
2  20 3 0 15.9775985559754 19.9957156469263
2  21 6 0 15.9775985559754 19.9957156469263
0

0101000
+29 0 -34 0 *
Ed
 1e-07 1 1 0
1  11 0 16.0080761622021 20.3550546312477
2  22 4 0 16.0080761622021 20.3550546312477
2  23 3 0 16.0080761622021 20.3550546312477
0

0101000
+28 0 -46 0 *
Wi

0101100
+27 0 -26 0 -32 0 -45 0 +25 0 *
Fa
0  1e-07 3 0

0101000
+24 0 *
Ve
1.5000001e-07
-2.03047290266353 1 -0.990000000000001
0 0

0101101
*
Ed
 1.5e-07 1 1 0
1  12 0 -0.499409941506901 0.536273434916493
2  24 5 4 -0.499409941506901 0.536273434916493
2  25 4 0 -0.499409941506901 0.536273434916493
0

0101000
+28 0 -22 0 *
Ve
1.00000007e-07
-1.62790553999081 -2.99790000814209 -0.99
0 0

0101101
*
Ed
 1e-07 1 1 0
1  13 0 1.22594275824246 1.22615093524492
2  26 2 4 1.22594275824246 1.22615093524492
2  27 4 0 1.22594275824246 1.22615093524492
0

0101000
+44 0 -20 0 *
Ed
 1e-07 1 1 0
1  14 0 15.9775985559754 19.9957156469263
2  28 4 0 15.9775985559754 19.9957156469263
2  29 7 0 15.9775985559754 19.9957156469263
0

0101000
+22 0 -20 0 *
Wi

0101100
+21 0 -25 0 -43 0 -19 0 +18 0 *
Fa
0  1e-07 4 0

0101000
+17 0 *
Ve
1.50000004e-07
-3.21287438358961 1 -2.20825196703745
0 0

0101101
*
Ed
 1e-07 1 1 0
1  15 0 2.89450342884348 3.62095716970388
2  30 2 4 2.89450342884348 3.62095716970388
2  31 7 0 2.89450342884348 3.62095716970388
0

0101000
+20 0 -15 0 *
Ed
 1e-07 1 1 0
1  6 0 3.74375335300156 6.28318530717959
2  12 2 0 3.74375335300156 6.28318530717959
2  13 5 0 3.74375335300156 6.28318530717959
0

0101000
+15 11 -38 10 *
Wi

0101100
+42 4 -19 0 -14 0 -13 4 +37 8 *
Fa
0  1e-07 2 4

0101000
+12 0 *
Ed
 1.5e-07 1 1 0
1  16 0 -4.09231494577223 -2.39460733923722
2  32 5 4 -4.09231494577223 -2.39460733923722
2  33 7 0 -4.09231494577223 -2.39460733923722
0

0101000
+22 0 -15 0 *
Ed
 1.5e-07 1 1 0
1  17 0 -2.20255223951528 -0.504844632980282
2  34 5 4 -2.20255223951528 -0.504844632980282
2  35 6 0 -2.20255223951528 -0.504844632980282
0

0101000
+36 0 -29 0 *
Wi

0101100
+13 4 +10 0 +21 0 +27 0 +9 0 +35 4 *
Fa
0  1e-07 5 4

0101000
+8 0 *
Wi

0101100
+9 0 -33 0 +26 0 *
Fa
0  1e-07 6 0

0101000
+6 0 *
Wi

0101100
-18 0 -14 0 +10 0 *
Fa
0  1e-07 7 0

0101000
+4 0 *
Sh

0101100
-39 0 -30 0 +23 0 +16 0 -11 0 -7 0 +5 0 +3 0 *
So

0100000
+2 0 *

+1 1 ]]>
      </Part>
      <ElementMap count="44">
<![CDATA[
Edge1	#89;:T1880:3:E 3 26 95 137
Edge10	#78;:G3#8c;CUT;:T-1877:3:E 8 28 116 139 27 99 107 140 120
Edge11	#78;:G4#8e;CUT;:T-1877:3:E 9 28 116 141 14 98 100 108 142 120
Edge12	#81;:M;CUT;:T-1877:3:E 3 16 114 129
Edge13	#80;:M;CUT;:T-1877:3:E 3 14 113 128
Edge14	#7c;:G4#8f;CUT;:T-1877:3:E 9 27 115 141 14 98 100 108 143 124
Edge15	#7c;:G3#90;CUT;:T-1877:3:E 8 27 115 139 27 99 107 144 124
Edge16	#7f;:M;CUT;:T-1877:3:E 3 12 112 127
Edge17	#7b;:G2#91;CUT;:T-1877:3:E 8 26 109 139 27 99 107 145 123
Edge18	#92;:M2;CUT;:T1880:3:E 4 14 98 100 146
Edge19	#7b;:G3#93;CUT;:T-1877:3:E 9 26 109 141 14 98 100 108 147 123
Edge2	#94;:M;CUT;:T1880:3:E 4 12 97 105 148
Edge20	#79;:G3#95;CUT;:T-1877:3:E 9 29 117 141 14 98 100 108 149 121
Edge3	#78;:G2#97;CUT;:T-1877:3:E 8 28 116 150 26 95 106 151 120
Edge4	#7c;:G2#98;CUT;:T-1877:3:E 8 27 115 150 26 95 106 152 124
Edge5	#94;:M2;CUT;:T1880:3:E 4 12 97 105 148
Edge6	#88;:T1880:3:E 4 10 96 104 136
Edge7	#8a;:T1880:3:E 3 27 99 138
Edge8	#92;:M;CUT;:T1880:3:E 4 14 98 100 146
Edge9	#79;:G2#99;CUT;:T-1877:3:E 8 29 117 139 27 99 107 153 121
Face1	#96;:M;CUT;:T1880:3:F 4 26 95 106 150
Face2	#8b;:M;CUT;:T1880:3:F 4 27 99 107 139
Face3	#78;:M;CUT;:T-1877:3:F 3 28 116 120
Face4	#7c;:M;CUT;:T-1877:3:F 3 27 115 124
Face5	#8b;:M2;CUT;:T1880:3:F 4 27 99 107 139
Face6	#8d;:M;CUT;:T1880:3:F 5 14 98 100 108 141
Face7	#79;:M;CUT;:T-1877:3:F 3 29 117 121
Face8	#7b;:M;CUT;:T-1877:3:F 3 26 109 123
Vertex1	#82;:T1880:3:V 3 10 96 130
Vertex1	#83;:T1880:3:V 3 18 101 131
Vertex10	#80;:G2#9a;CUT;:T-1877:3:V 9 14 113 141 14 98 100 108 154 128
Vertex11	#7f;:G2#9b;CUT;:T-1877:3:V 9 12 112 141 14 98 100 108 155 127
Vertex12	#7f;:G#9c;CUT;:T-1877:3:V 8 12 112 139 27 99 107 156 127
Vertex13	#92;:G#9d;CUT;:T1880:3:V 8 14 98 100 123 26 109 157 146
Vertex2	#84;:T1880:3:V 3 12 97 132
Vertex2	#85;:T1880:3:V 3 13 102 133
Vertex3	#94;:G2#9e;CUT;:T1880:3:V 8 12 97 105 120 28 116 158 148
Vertex4	#80;:G#9f;CUT;:T-1877:3:V 8 14 113 150 26 95 106 159 128
Vertex5	#94;:G#a0;CUT;:T1880:3:V 8 12 97 105 124 27 115 160 148
Vertex6	#86;:T1880:3:V 3 14 98 134
Vertex6	#87;:T1880:3:V 3 15 103 135
Vertex7	#92;:G2#a1;CUT;:T1880:3:V 8 14 98 100 121 29 117 161 146
Vertex8	#81;:G#a2;CUT;:T-1877:3:V 8 16 114 139 27 99 107 162 129
Vertex9	#81;:G2#a3;CUT;:T-1877:3:V 9 16 114 141 14 98 100 108 163 129
]]>
      </ElementMap>
    </Property>
    <Property name="Suppress" type="App::PropertyBool">
      <Bool value="false"/>
    </Property>
    <Property name="SuppressedShape" type="Part::PropertyPartShape">
      <Part ElementMap="0.15.70200.3" brep="1">
<![CDATA[

CASCADE Topology V1, (c) Matra-Datavision
Locations 0
Curve2ds 0
Curves 0
Polygon3D 0
PolygonOnTriangulations 0
Surfaces 0
Triangulations 0

TShapes 0

*]]>
      </Part>
      <ElementMap/>
    </Property>
    <Property name="TaperAngle" type="App::PropertyAngle">
      <Float value="0"/>
    </Property>
    <Property name="TaperAngleRev" type="App::PropertyAngle">
      <Float value="0"/>
    </Property>
    <Property name="Type" type="App::PropertyEnumeration">
      <Integer value="1"/>
    </Property>
    <Property name="UpToFace" type="App::PropertyLinkSub">
      <LinkSub value="" count="0">
      </LinkSub>
    </Property>
    <Property name="UsePipeForDraft" type="App::PropertyBool">
      <Bool value="false"/>
    </Property>
    <Property name="Visibility" type="App::PropertyBool" status="648">
      <Bool value="false"/>
    </Property>
    <Property name="_ProfileBasedVersion" type="App::PropertyInteger" status="67108864">
      <Integer value="1"/>
    </Property>
    <Property name="_Siblings" type="App::PropertyLinkList" status="218103808">
      <LinkList count="0">
      </LinkList>
    </Property>
  </Properties>
</Object>
</Document>
