<?xml version='1.0' encoding='utf-8'?>
<!-- FreeCAD DocumentObject -->
<Document SchemaVersion="4" FileVersion="2">
<Object name="PolarPattern">
  <Properties Count="24" TransientCount="2">
    <_Property name="_Body" type="App::PropertyLinkHidden" status="251658241"/>
    <_Property name="_ElementMapVersion" type="App::PropertyString" status="234881024"/>
    <Property name="AddSubShape" type="Part::PropertyPartShape">
      <Part HasherIndex="0" ElementMap="1.15.70200.3.0" brep="1">
<![CDATA[

CASCADE Topology V1, (c) Matra-Datavision
Locations 20
1
              1              -0               0               0 
              0               1              -0               0 
             -0               0               1               0 
1
              0           1e-15               1               0 
             -0               1          -1e-15               0 
             -1               0               0               0 
2  1 1 2 1 0
1
              1               0               0               0 
              0               1               0               0 
              0               0               1               0 
1
              1               0               0               0 
              0 0.994968518250912 -0.100188061612076               0 
              0 0.100188061612076 0.994968518250912 -3.00141258110098 
1
             -0               0               1               0 
              1              -0               0               0 
              0               1              -0               0 
1
              1               0               0 -2.02002248070182 
              0               1               0 20.060860966045 
              0               0               1          -4e-15 
2  4 1 5 1 6 -1 7 1 0
1
              1               0               0 4.04004496140363 
              0               1               0 -40.1217219320901 
              0               0               1           9e-15 
2  4 1 5 1 6 -1 7 1 9 1 0
2  7 -1 6 1 5 -1 4 -1 0
2  9 -1 7 -1 6 1 5 -1 4 -1 0
2  5 -1 4 -1 0
2  6 -1 7 1 0
2  4 1 5 1 0
2  6 -1 7 1 9 1 0
1
             -1           1e-15          -1e-30               0 
          1e-15               1          -1e-15               0 
             -0          -1e-15              -1               0 
2  1 1 17 1 0
1
             -0               0              -1               0 
          1e-15               1               0               0 
              1          -1e-15              -0               0 
2  1 1 19 1 0
Curve2ds 25
1 0 0 2.8999999999999998e-16 -1 
1 15.240000000000004 -2.0000000000000001e-17 -2e-16 -1 
1 -1.1e-16 -0 2.5999999999999998e-16 -1 
1 9.2167846084405838 1.9099999999999999e-15 2.8999999999999998e-16 -1 
1 0 0 1 -2.0000000000000001e-17 
1 1.216e-14 -40.324614493955437 1 -2.0000000000000001e-17 
1 -2.0305531479650987 7.6200000000000001 0.69465837045899748 -0.71933980033865097 
1 1.0352348389222767 -4.2000000000000002e-16 2.5999999999999998e-16 -1 
1 0 0 1.2e-16 -1 
1 0 0 1 -1.0000000000000001e-17 
1 9.93e-15 -40.324614493955451 1 -1.0000000000000001e-17 
1 4.3719634290058043 0.98999999999999999 0.29237170472273694 -0.95630475596303544 
1 1.0352348389222767 4.1000000000000001e-16 1.2e-16 -1 
1 0 0 -1.0000000000000001e-17 -1 
1 0 0 1 0 
1 4.76e-15 -40.324614493955451 1 0 
1 4.6746368036498787 -0 -0.29237170472273694 -0.95630475596303544 
1 9.2167846084405856 -1.92e-15 -1.0000000000000001e-17 -1 
1 0 0 -2e-16 -1 
1 0 0 1 1.0000000000000001e-17 
1 -8.8e-16 -40.324614493955451 1 1.0000000000000001e-17 
1 4.3719634290058043 -0.98999999999999999 -0.69465837045899748 -0.71933980033865097 
1 0 0 1 0 
1 -7.9799999999999995e-15 -40.324614493955451 1 0 
1 -2.0305531479650987 -7.6200000000000001 0 1 
Curves 10
1 -10.001539962868257 16.255751835160869 -7.6200000000000054 0.1001880616120763 -0.99496851825091182 2.2e-16 
1 -3.6312375312026184 16.89720756044677 -0.9900000000000041 0.1001880616120763 -0.99496851825091182 2.2e-16 
1 -7.6200000000000001 -8.0218794220719829 0 0.71933980033865097 0.69465837045899748 0 
1 -3.3300870521190014 16.927531819153945 -3.7600000000000004e-15 0.1001880616120763 -0.99496851825091182 2.2e-16 
1 -0.98999999999999999 -1.61936284510108 0 0.95630475596303544 0.29237170472273694 0 
1 -3.6312375312026188 16.89720756044677 0.98999999999999644 0.1001880616120763 -0.99496851825091182 2.2e-16 
1 0 -1.316689470457006 0 0.95630475596303544 -0.29237170472273694 0 
1 -10.001539962868261 16.255751835160869 7.6199999999999983 0.1001880616120763 -0.99496851825091182 2.2e-16 
1 0.98999999999999999 -1.61936284510108 0 0.71933980033865097 -0.69465837045899748 0 
1 7.6200000000000001 -8.0218794220719829 0 -1 0 0 
Polygon3D 0
PolygonOnTriangulations 0
Surfaces 6
1 -10.001539962868257 16.255751835160869 -7.6200000000000054 -0.71572045526185435 -0.072069260236347271 0.69465837045899759 0.6911632095461816 0.069596475618890416 0.71933980033865086 -0.10018806161207608 0.99496851825091182 -1.3877787807814457e-17 
1 -10.001539962868261 16.255751835160869 7.6199999999999983 0.99496851825091182 0.1001880616120763 2.2e-16 2.211013565069093e-16 1.109007687650911e-19 -1 -0.1001880616120763 0.99496851825091182 -2.2041373554656789e-17 
1 -3.6312375312026184 16.89720756044677 -0.99000000000000399 -0.95149312603684122 -0.095810319810346115 0.29237170472273677 0.29090064182647446 0.029292154366389284 0.95630475596303544 -0.10018806161207622 0.9949685182509117 1.7347234759768071e-17 
1 0 -5.9611810253058826 -3.6016719469892493 0 -0.10018806161207626 0.9949685182509117 0 0.9949685182509117 0.10018806161207626 -1 0 0 
1 -3.3300870521190014 16.927531819153945 -3.7600000000000004e-15 -0.951493126036841 -0.095810319810346226 -0.29237170472273716 -0.2909006418264749 -0.029292154366389281 0.95630475596303544 -0.10018806161207633 0.99496851825091182 -1.0061396160665481e-16 
1 -3.6312375312026188 16.89720756044677 0.98999999999999644 -0.71572045526185413 -0.072069260236347549 -0.69465837045899759 -0.69116320954618171 -0.069596475618890416 0.71933980033865086 -0.1001880616120763 0.9949685182509117 -2.0816681711721688e-16 
Triangulations 0

TShapes 32
Co

0100000
*
Ve
1e-07
-7.62 -8.02187942207198 0
0 0

0101101
*
Ed
 1e-07 1 1 0
1  1 0 0 40.3246144939554
2  1 1 0 0 40.3246144939554
2  2 2 0 0 40.3246144939554
0

0101000
+31 8 -31 10 *
Ve
1e-07
-0.99 -1.61936284510108 0
0 0

0101101
*
Ed
 1e-07 1 1 0
1  2 0 0 40.3246144939554
2  3 3 0 0 40.3246144939554
2  4 1 0 0 40.3246144939554
0

0101000
+29 8 -29 10 *
Ed
 1e-07 1 1 0
1  3 0 0 9.21678460844058
2  5 1 11 0 9.21678460844058
2  6 1 12 0 9.21678460844058
2  7 4 13 0 9.21678460844058
0

0101000
+31 0 -29 0 *
Wi

0101100
+30 0 -28 0 -27 8 +27 10 *
Fa
0  1e-07 1 0

0111000
+26 0 *
Ve
1e-07
0 -1.31668947045701 0
0 0

0101101
*
Ed
 1e-07 1 1 0
1  4 0 0 40.3246144939554
2  8 3 0 0 40.3246144939554
2  9 5 0 0 40.3246144939554
0

0101000
+24 8 -24 10 *
Ed
 1e-07 1 1 0
1  5 0 0 1.03523483892228
2  10 3 11 0 1.03523483892228
2  11 3 12 0 1.03523483892228
2  12 4 13 0 1.03523483892228
0

0101000
+29 0 -24 0 *
Wi

0101100
+28 0 -23 0 -22 8 +22 10 *
Fa
0  1e-07 3 0

0111000
+21 0 *
Ve
1e-07
0.99 -1.61936284510108 0
0 0

0101101
*
Ed
 1e-07 1 1 0
1  6 0 0 40.3246144939554
2  13 5 0 0 40.3246144939554
2  14 6 0 0 40.3246144939554
0

0101000
+19 8 -19 10 *
Ed
 1e-07 1 1 0
1  7 0 0 1.03523483892228
2  15 5 11 0 1.03523483892228
2  16 5 12 0 1.03523483892228
2  17 4 13 0 1.03523483892228
0

0101000
+24 0 -19 0 *
Wi

0101100
+23 0 -18 0 -17 8 +17 10 *
Fa
0  1e-07 5 0

0111000
+16 0 *
Ve
1e-07
7.62 -8.02187942207198 0
0 0

0101101
*
Ed
 1e-07 1 1 0
1  8 0 0 40.3246144939554
2  18 6 0 0 40.3246144939554
2  19 2 0 0 40.3246144939554
0

0101000
+14 8 -14 10 *
Ed
 1e-07 1 1 0
1  9 0 0 9.21678460844058
2  20 6 11 0 9.21678460844058
2  21 6 12 0 9.21678460844058
2  22 4 13 0 9.21678460844058
0

0101000
+19 0 -14 0 *
Wi

0101100
+18 0 -13 0 -12 8 +12 10 *
Fa
0  1e-07 6 0

0111000
+11 0 *
Ed
 1e-07 1 1 0
1  10 0 0 15.24
2  23 2 11 0 15.24
2  24 2 12 0 15.24
2  25 4 13 0 15.24
0

0101000
+14 0 -31 0 *
Wi

0101100
+13 0 -30 0 -9 8 +9 10 *
Fa
0  1e-07 2 0

0111000
+8 0 *
Wi

0101100
+27 0 +22 0 +17 0 +12 0 +9 0 *
Fa
0  1e-07 4 0

0111000
-6 15 *
Sh

0101100
-25 0 -20 0 -15 0 -10 0 -7 0 +5 14 -5 16 *
So

0100000
+4 0 *
Co

0100000
+3 3 +3 18 +3 20 *
Co

1100000
+32 0 +2 0 *

+1 0 ]]>
      </Part>
      <ElementMap count="111">
<![CDATA[
Edge1	#13b;:T-1877:4:E 4 10 110 126 315
Edge10	#141;:T-1877:4:E 5 28 116 120 176 321
Edge11	#142;:T-1877:4:E 4 18 111 125 322
Edge12	#143;:T-1877:4:E 3 29 117 323
Edge13	#144;:T-1877:4:E 5 29 117 121 177 324
Edge14	#145;:T-1877:4:E 3 30 118 325
Edge15	#146;:T-1877:4:E 5 30 118 122 178 326
Edge16	#159;:T-1877:4:E 4 10 110 126 345
Edge17	#da;:T-1877:3:E 4 12 112 127 218
Edge18	#15a;:T-1877:4:E 3 26 109 346
Edge19	#15b;:T-1877:4:E 5 26 109 123 174 347
Edge2	#ec;:T-1877:3:E 4 12 112 127 236
Edge20	#de;:T-1877:3:E 4 14 113 128 222
Edge21	#15c;:T-1877:4:E 3 27 115 348
Edge22	#15d;:T-1877:4:E 5 27 115 124 175 349
Edge23	#106;:T-1877:4:E 4 16 114 129 262
Edge24	#15e;:T-1877:4:E 3 28 116 350
Edge25	#15f;:T-1877:4:E 5 28 116 120 176 351
Edge26	#160;:T-1877:4:E 4 18 111 125 352
Edge27	#161;:T-1877:4:E 3 29 117 353
Edge28	#162;:T-1877:4:E 5 29 117 121 177 354
Edge29	#163;:T-1877:4:E 3 30 118 355
Edge3	#13c;:T-1877:4:E 3 26 109 316
Edge30	#164;:T-1877:4:E 5 30 118 122 178 356
Edge31	#177;:T-1877:4:E 4 10 110 126 375
Edge32	#fc;:T-1877:3:E 4 12 112 127 252
Edge33	#178;:T-1877:4:E 3 26 109 376
Edge34	#179;:T-1877:4:E 5 26 109 123 174 377
Edge35	#f9;:T-1877:3:E 4 14 113 128 249
Edge36	#17a;:T-1877:4:E 3 27 115 378
Edge37	#17b;:T-1877:4:E 5 27 115 124 175 379
Edge38	#fb;:T-1877:3:E 4 16 114 129 251
Edge39	#17c;:T-1877:4:E 3 28 116 380
Edge4	#13d;:T-1877:4:E 5 26 109 123 174 317
Edge40	#17d;:T-1877:4:E 5 28 116 120 176 381
Edge41	#17e;:T-1877:4:E 4 18 111 125 382
Edge42	#17f;:T-1877:4:E 3 29 117 383
Edge43	#180;:T-1877:4:E 5 29 117 121 177 384
Edge44	#181;:T-1877:4:E 3 30 118 385
Edge45	#182;:T-1877:4:E 5 30 118 122 178 386
Edge5	#e9;:T-1877:3:E 4 14 113 128 233
Edge6	#13e;:T-1877:4:E 3 27 115 318
Edge7	#13f;:T-1877:4:E 5 27 115 124 175 319
Edge8	#eb;:T-1877:3:E 4 16 114 129 235
Edge9	#140;:T-1877:4:E 3 28 116 320
Face1	#f1;:T-1877:3:F 4 26 109 123 241
Face10	#d9;:T-1877:3:F 4 28 116 120 217
Face11	#103;:T-1877:4:F 4 29 117 121 259
Face12	#165;:T-1877:4:F 4 30 118 122 357
Face13	#166;:T-1877:4:F 3 109 119 358
Face14	#167;:T-1877:4:F 4 109 119 179 359
Face15	#100;:T-1877:4:F 4 26 109 123 256
Face16	#d7;:T-1877:3:F 4 27 115 124 215
Face17	#d5;:T-1877:3:F 4 28 116 120 213
Face18	#f7;:T-1877:3:F 4 29 117 121 247
Face19	#183;:T-1877:4:F 4 30 118 122 387
Face2	#ee;:T-1877:3:F 4 27 115 124 238
Face20	#184;:T-1877:4:F 3 109 119 388
Face21	#185;:T-1877:4:F 4 109 119 179 389
Face3	#e8;:T-1877:3:F 4 28 116 120 232
Face4	#e6;:T-1877:3:F 4 29 117 121 230
Face5	#147;:T-1877:4:F 4 30 118 122 327
Face6	#148;:T-1877:4:F 3 109 119 328
Face7	#149;:T-1877:4:F 4 109 119 179 329
Face8	#e2;:T-1877:3:F 4 26 109 123 226
Face9	#dd;:T-1877:3:F 4 27 115 124 221
Vertex1	#12c;:T-1877:4:V 3 10 110 300
Vertex1	#12d;:T-1877:4:V 3 19 164 301
Vertex10	#13a;:T-1877:4:V 5 18 111 125 173 314
Vertex11	#14a;:T-1877:4:V 3 10 110 330
Vertex11	#14b;:T-1877:4:V 3 19 164 331
Vertex12	#14c;:T-1877:4:V 5 10 110 126 165 332
Vertex13	#14d;:T-1877:4:V 3 12 112 333
Vertex13	#14e;:T-1877:4:V 3 13 166 334
Vertex14	#14f;:T-1877:4:V 5 12 112 127 167 335
Vertex15	#150;:T-1877:4:V 3 14 113 336
Vertex15	#151;:T-1877:4:V 3 15 168 337
Vertex16	#152;:T-1877:4:V 5 14 113 128 169 338
Vertex17	#153;:T-1877:4:V 3 16 114 339
Vertex17	#154;:T-1877:4:V 3 17 170 340
Vertex18	#155;:T-1877:4:V 5 16 114 129 171 341
Vertex19	#156;:T-1877:4:V 3 18 111 342
Vertex19	#157;:T-1877:4:V 3 20 172 343
Vertex2	#12e;:T-1877:4:V 5 10 110 126 165 302
Vertex20	#158;:T-1877:4:V 5 18 111 125 173 344
Vertex21	#168;:T-1877:4:V 3 10 110 360
Vertex21	#169;:T-1877:4:V 3 19 164 361
Vertex22	#16a;:T-1877:4:V 5 10 110 126 165 362
Vertex23	#16b;:T-1877:4:V 3 12 112 363
Vertex23	#16c;:T-1877:4:V 3 13 166 364
Vertex24	#16d;:T-1877:4:V 5 12 112 127 167 365
Vertex25	#16e;:T-1877:4:V 3 14 113 366
Vertex25	#16f;:T-1877:4:V 3 15 168 367
Vertex26	#170;:T-1877:4:V 5 14 113 128 169 368
Vertex27	#171;:T-1877:4:V 3 16 114 369
Vertex27	#172;:T-1877:4:V 3 17 170 370
Vertex28	#173;:T-1877:4:V 5 16 114 129 171 371
Vertex29	#174;:T-1877:4:V 3 18 111 372
Vertex29	#175;:T-1877:4:V 3 20 172 373
Vertex3	#12f;:T-1877:4:V 3 12 112 303
Vertex3	#130;:T-1877:4:V 3 13 166 304
Vertex30	#176;:T-1877:4:V 5 18 111 125 173 374
Vertex4	#131;:T-1877:4:V 5 12 112 127 167 305
Vertex5	#132;:T-1877:4:V 3 14 113 306
Vertex5	#133;:T-1877:4:V 3 15 168 307
Vertex6	#134;:T-1877:4:V 5 14 113 128 169 308
Vertex7	#135;:T-1877:4:V 3 16 114 309
Vertex7	#136;:T-1877:4:V 3 17 170 310
Vertex8	#137;:T-1877:4:V 5 16 114 129 171 311
Vertex9	#138;:T-1877:4:V 3 18 111 312
Vertex9	#139;:T-1877:4:V 3 20 172 313
]]>
      </ElementMap>
    </Property>
    <Property name="Angle" type="App::PropertyAngle">
      <Float value="360"/>
    </Property>
    <Property name="Axis" type="App::PropertyLinkSub">
      <LinkSub value="Z_Axis002" count="1">
        <Sub value=""/>
      </LinkSub>
    </Property>
    <Property name="BaseFeature" type="App::PropertyLink" status="8">
      <Link value="Pocket001"/>
    </Property>
    <Property name="ColoredElements" type="App::PropertyLinkSubHidden" status="218103808">
      <LinkSub value="" count="0">
      </LinkSub>
    </Property>
    <Property name="CopyShape" type="App::PropertyBool">
      <Bool value="false"/>
    </Property>
    <Property name="ExpressionEngine" type="App::PropertyExpressionEngine" status="67108864">
      <ExpressionEngine count="0"></ExpressionEngine>
    </Property>
    <Property name="Label" type="App::PropertyString" status="134217728">
      <String value="PolarPattern"/>
    </Property>
    <Property name="Label2" type="App::PropertyString" status="128">
      <String value=""/>
    </Property>
    <Property name="NewSolid" type="App::PropertyBool">
      <Bool value="false"/>
    </Property>
    <Property name="Occurrences" type="App::PropertyInteger">
      <Integer value="4"/>
    </Property>
    <Property name="OriginalSubs" type="App::PropertyLinkSubList">
      <LinkSubList count="1">
        <Link obj="Pocket001" sub=""/>
      </LinkSubList>
    </Property>
    <Property name="Originals" type="App::PropertyLinkList" status="8">
      <LinkList count="1">
        <Link value="Pocket001"/>
      </LinkList>
    </Property>
    <Property name="ParallelTransform" type="App::PropertyBool">
      <Bool value="true"/>
    </Property>
    <Property name="Placement" type="App::PropertyPlacement" status="8388620">
      <PropertyPlacement Px="0" Py="0" Pz="0" Q0="0.5" Q1="0.5" Q2="0.5" Q3="0.5000000000000001" A="2.094395102393195" Ox="0.5773502691896258" Oy="0.5773502691896258" Oz="0.5773502691896258"/>
    </Property>
    <Property name="Refine" type="App::PropertyBool">
      <Bool value="false"/>
    </Property>
    <Property name="Reversed" type="App::PropertyBool">
      <Bool value="false"/>
    </Property>
    <Property name="Shape" type="Part::PropertyPartShape">
      <Part HasherIndex="0" ElementMap="1.15.70200.3.0" brep="1">
<![CDATA[

CASCADE Topology V1, (c) Matra-Datavision
Locations 25
1
              0              -0               1               0 
              1               0               0               0 
             -0               1               0               0 
1
              0              -0               1               0 
              1               0               0               0 
             -0               1               0               0 
1
             -0               0               1               0 
              1              -0               0               0 
              0               1              -0               0 
1
              1               0               0               0 
              0               1               0               0 
              0               0               1               0 
2  2 1 3 -1 4 1 0
1
              1               0               0               0 
              0               1               0               0 
              0               0               1               0 
1
              0              -0               1               0 
              1               0              -0               0 
             -0               1               0               0 
1
             -0               0               1               0 
              1              -0               0               0 
              0               1              -0               0 
2  6 1 7 1 8 -1 0
2  6 1 7 1 8 -1 2 1 3 -1 4 1 0
2  8 1 7 -1 6 -1 0
2  4 -1 3 1 2 -1 8 1 7 -1 6 -1 0
1
              1              -0               0               0 
              0               1              -0               0 
             -0               0               1               0 
1
             -1           1e-15          -1e-30               0 
          1e-15               1          -1e-15               0 
             -0          -1e-15              -1               0 
2  13 1 14 1 0
2  4 -1 3 1 2 -1 0
1
              0           1e-15               1               0 
             -0               1          -1e-15               0 
             -1               0               0               0 
2  13 1 17 1 0
2  3 1 2 -1 0
2  2 1 3 -1 0
1
             -0               0              -1               0 
          1e-15               1               0               0 
              1          -1e-15              -0               0 
2  13 1 21 1 0
2  14 -1 13 -1 0
2  17 -1 13 -1 0
2  21 -1 13 -1 0
Curve2ds 93
1 0 0 1 0 
1 6.2831853071795862 0 0 1 
1 0 0 0 1 
8 0.31880570601343972 1.0274099780729578
7 0 0  7 8 2  0 1.4618688527447101  0.09170342190595715 1.5053921234125816  0.18022153327726897 1.565581036618596  0.26435672129057508 1.6431640875064204  0.34324446567891442 1.7392880241638977  0.41652351061973292 1.8555489374561489  0.48415117820341091 1.9940561280371016  0.54628583465789138 2.1575459465626152 
 0.31880570601343972 8 1.0274099780729578 8
8 0.31880570601343972 1.0274099780729578
5 1.3948468795056295 -21.023396279973259 0.029427532507001569 0.99956691638456574 -0.99956691638456574 0.029427532507001569 0.62541683027991368 1.1692924760562395
1 0 2.1575459465626201 1 0 
1 0 -9.9999999999999998e-17 1 0 
8 -1.0274099780729551 -0.23316463508949165
7 0 0  7 8 2  1.0245104921370043 2.1575459465626214  1.0941546693918429 1.9742969426980301  1.1706999485116398 1.8224342210918962  1.2543686446766742 1.6981045897100557  1.3450685940819085 1.5984444205269028  1.4421763836598416 1.5213786971341392  1.5442104836514907 1.4655179887465519  1.6492791066851216 1.4301178410777264 
 -1.0274099780729551 8 -0.23316463508949165 8
8 -1.0274099780729551 -0.23316463508949165
5 -0.35961204058333468 -21.023396279973255 -0.029427532507003043 0.99956691638456574 -0.99956691638456574 -0.029427532507003043 0.6254168302799149 1.1692924760562418
8 0.23316463508949092 1.0274099780729591
7 0 0  7 8 2  1.4923135469046709 1.4301178410777229  1.5973821699383024 1.4655179887465484  1.6994162699303956 1.5213786971345939  1.7965240595067371 1.5984444205253112  1.8872240089142451 1.6981045897109652  1.970892705077631 1.8224342210911573  2.0474379841979529 1.9742969426980304  2.1170821614527915 2.1575459465626232 
 0.23316463508949092 8 1.0274099780729591 8
8 0.23316463508949092 1.0274099780729591
5 1.3948468795056297 -21.023396279973255 0.02942753250700151 0.99956691638456574 -0.99956691638456574 0.02942753250700151 0.62541683027991313 1.1692924760562386
8 -1.02740997807296 -0.23316463508949362
7 0 0  7 8 2  2.5953068189318977 2.1575459465626214  2.6649509961867364 1.9742969426980288  2.7414962753075542 1.8224342210911573  2.8251649714686664 1.69810458971142  2.9158649208798124 1.5984444205253112  3.0129727104535959 1.5213786971348213  3.1150068104463848 1.4655179887465477  3.2200754334800159 1.4301178410777218 
 -1.02740997807296 8 -0.23316463508949362 8
8 -1.02740997807296 -0.23316463508949362
5 -0.35961204058333696 -21.023396279973255 -0.02942753250700296 0.99956691638456574 -0.99956691638456574 -0.02942753250700296 0.62541683027991246 1.1692924760562371
8 0.23316463508949337 1.0274099780729604
7 0 0  7 8 2  3.0631098736995699 1.4301178410777216  3.168178496733201 1.4655179887465473  3.2702125967258553 1.5213786971345939  3.3673203863022536 1.5984444205255386  3.458020335709989 1.6981045897105105  3.5416890318724654 1.8224342210913278  3.6182343109928499 1.9742969426980292  3.6878784882476885 2.1575459465626219 
 0.23316463508949337 8 1.0274099780729604 8
8 0.23316463508949337 1.0274099780729604
5 1.394846879505625 -21.023396279973252 0.029427532507001489 0.99956691638456585 -0.99956691638456585 0.029427532507001489 0.62541683027991202 1.1692924760562364
8 -1.027409978072954 -0.2331646350894942
7 0 0  7 8 2  4.1661031457267974 2.1575459465626228  4.235747322981636 1.9742969426980324  4.3122926021020476 1.8224342210913278  4.3959612982639555 1.6981045897111926  4.4866612476726004 1.5984444205253112  4.5837690372491124 1.5213786971347076  4.6858031372412823 1.4655179887465546  4.7908717602749125 1.4301178410777289 
 -1.027409978072954 8 -0.2331646350894942 8
8 -1.027409978072954 -0.2331646350894942
5 -0.35961204058333468 -21.023396279973262 -0.029427532507003022 0.99956691638456574 -0.99956691638456574 -0.029427532507003022 0.62541683027991579 1.1692924760562433
8 0.23316463508949278 1.0274099780729578
7 0 0  7 8 2  4.6339062004944651 1.4301178410777238  4.7389748235280962 1.4655179887465495  4.8410089235194391 1.5213786971345939  4.9381167130982249 1.5984444205253112  5.0288166625041413 1.6981045897116473  5.1124853586682093 1.8224342210913278  5.1890306377877451 1.9742969426980304  5.2586748150425837 2.1575459465626223 
 0.23316463508949278 8 1.0274099780729578 8
8 0.23316463508949278 1.0274099780729578
5 1.3948468795056304 -21.023396279973262 0.02942753250700126 0.99956691638456574 -0.99956691638456574 0.02942753250700126 0.6254168302799139 1.1692924760562398
8 -1.0274099780729546 -0.31880570601343949
7 0 0  7 8 2  5.736899472521694 2.1575459465626228  5.7990341289761744 1.9940561280371101  5.8666617965598107 1.8555489374563763  5.9399408415019934 1.7392880241627608  6.0188285858903328 1.6431640875068751  6.1029637739011378 1.5655810366184824  6.1914818852736282 1.5053921234125862  6.2831853071795853 1.4618688527447148 
 -1.0274099780729546 8 -0.31880570601343949 8
8 -1.0274099780729546 -0.31880570601343949
5 -0.35961204058333551 -21.023396279973259 -0.029427532507002811 0.99956691638456574 -0.99956691638456574 -0.029427532507002811 0.62541683027991535 1.1692924760562424
1 -1.1e-16 -0 2.5999999999999998e-16 -1 
1 9.2167846084405838 1.9099999999999999e-15 2.8999999999999998e-16 -1 
8 -0.49940994150689955 0.53627343491649448
1 1.8729570900535391 0.47738126665625952 0.29372294496468343 0.95589059604186588 
8 -0.49940994150689955 0.53627343491649448
1 0.53604118367843934 -15.993379759914072 -0.99956691638456574 0.029427532507001839 
1 1.0352348389222767 -4.2000000000000002e-16 2.5999999999999998e-16 -1 
1 0 0 1.2e-16 -1 
8 1.225942758242458 1.2889449893229927
7 0 0  5 6 2  0.54628583465789327 1.19e-15  0.55233599990388871 0.040987987277093997  0.55831356018594036 0.082743249148153675  0.56421902680253133 0.12527934339954561  0.57005295661818689 0.16861033518526142  0.57581594373694855 0.2127508249565456 
 1.225942758242458 6 1.2889449893229927 6
8 1.225942758242458 1.2889449893229927
5 1.3215639821033283 -23.512601236682301 0.029427532507001569 0.99956691638456574 -0.99956691638456574 0.029427532507001569 1.8784094972218948 0.91469497158666691
8 2.8943412839488856 3.6209571697038805
7 0 0  6 7 2  0.5463683628200029 -2e-16  0.55938085657685288 0.50579214197743194  0.57054345208254631 1.0855398434902241  0.58017555977727397 1.7525900805581216  0.58852826671763125 2.5235671739653895  0.59580228419850434 3.4194570684119121  0.60216069941176886 4.4679322700720423 
 2.8943412839488856 7 3.6209571697038805 7
8 2.8943412839488856 3.6209571697038805
5 10.79334578471363 -23.886325343527602 0.069777924046068238 0.99756255007684669 -0.99756255007684669 0.069777924046068238 0.41601196673338814 0.20469247446503833
1 0 4.4679322700720405 1 0 
2 0 0 1 -0 0 1 3.8985816080532527
8 -3.6209571697038303 -2.8943412839488345
7 0 0  6 7 2  0.96863562738312836 4.467932270072045  0.97499404259639322 3.4194570684119139  0.98226806007727419 2.5235671739653895  0.99062076701756041 1.7525900805580932  1.0002528747123733 1.0855398434902384  1.0114154702180467 0.50579214197743183  1.0244279639748972 -3.9999999999999999e-16 
 -3.6209571697038303 7 -2.8943412839488345 7
8 -3.6209571697038303 -2.8943412839488345
5 -1.5765611762730292 -23.886325343527602 -0.069777924046069403 0.99756255007684658 -0.99756255007684658 -0.069777924046069403 0.4160119667334089 0.2046924744650486
8 -1.2889449893229872 -1.2259427582424545
7 0 0  5 6 2  0.99498038305795 0.21275082495653674  1.0007433701767114 0.16861033518525415  1.0065772999923688 0.12527934339954139  1.0124827666089597 0.082743249148146791  1.0184603268910093 0.04098798727709204  1.0245104921370045 5.9999999999999999e-16 
 -1.2889449893229872 6 -1.2259427582424545 6
8 -1.2889449893229872 -1.2259427582424545
5 -0.28632914318102953 -23.512601236682304 -0.029427532507003043 0.99956691638456574 -0.99956691638456574 -0.029427532507003043 1.8784094972219001 0.91469497158666946
8 -1.0536666827541883 -0.017983306330800069
1 -0.01719007340735591 1.7209868215938096 -0.95589059604186599 -0.29372294496468282 
8 -1.0536666827541883 -0.017983306330800069
1 -0.017975518055476921 -16.008605366533715 -0.99956691638456574 -0.029427532507002922 
1 1.0352348389222767 4.1000000000000001e-16 1.2e-16 -1 
1 0 0 -1.0000000000000001e-17 -1 
8 -0.4994099415068991 0.53627343491649493
1 -0.47738126665625924 1.8729570900535393 -0.95589059604186577 0.2937229449646836 
8 -0.4994099415068991 0.53627343491649493
1 0.53604118367843978 -15.993379759914072 -0.99956691638456574 0.029427532507001759 
8 1.2259427582424605 1.2889449893229941
7 0 0  5 6 2  2.1170821614527906 2.9799999999999999e-15  2.1231323266987858 0.040987987277095093  2.1291098869808316 0.082743249148153009  2.1350153535974421 0.12527934339954627  2.1408492834130834 0.16861033518526025  2.1466122705318451 0.21275082495654363 
 1.2259427582424605 6 1.2889449893229941 6
8 1.2259427582424605 1.2889449893229941
5 1.3215639821033287 -23.512601236682304 0.02942753250700151 0.99956691638456574 -0.99956691638456574 0.02942753250700151 1.8784094972218912 0.91469497158666502
8 2.8943412839488971 3.620957169703892
7 0 0  6 7 2  2.1171646896149006 1.3899999999999999e-15  2.1301771833717504 0.50579214197743383  2.1413397788774802 1.0855398434902526  2.1509718865721084 1.7525900805580363  2.1593245935125651 2.5235671739654038  2.1665986109934017 3.4194570684119161  2.172957026206666 4.4679322700720467 
 2.8943412839488971 7 3.620957169703892 7
8 2.8943412839488971 3.620957169703892
5 10.793345784713628 -23.886325343527606 0.069777924046068293 0.99756255007684658 -0.99756255007684658 0.069777924046068293 0.41601196673338353 0.20469247446503602
8 -3.6209571697038512 -2.8943412839488563
7 0 0  6 7 2  2.5394319541780241 4.4679322700720441  2.5457903693912889 3.4194570684119143  2.553064386872137 2.5235671739654464  2.5614170938123948 1.7525900805580079  2.5710492015072077 1.0855398434902952  2.582211797012941 0.50579214197743372  2.5952242907697913 1.99e-15 
 -3.6209571697038512 7 -2.8943412839488563 7
8 -3.6209571697038512 -2.8943412839488563
5 -1.5765611762730289 -23.886325343527602 -0.069777924046069265 0.99756255007684658 -0.99756255007684658 -0.069777924046069265 0.41601196673340013 0.20469247446504427
8 -1.2889449893229907 -1.2259427582424611
7 0 0  5 6 2  2.565776709852845 0.21275082495652814  2.5715396969716062 0.16861033518524776  2.57737362678726 0.12527934339953828  2.5832790934038563 0.082743249148145681  2.589256653685903 0.040987987277091117  2.5953068189318977 1.59e-15 
 -1.2889449893229907 6 -1.2259427582424611 6
8 -1.2889449893229907 -1.2259427582424611
5 -0.28632914318103203 -23.512601236682301 -0.02942753250700296 0.99956691638456574 -0.99956691638456574 -0.02942753250700296 1.8784094972218908 0.91469497158666513
8 -1.0536666827541901 -0.017983306330801741
1 -1.7209868215938045 -0.017190073407354109 0.29372294496468326 -0.95589059604186599 
8 -1.0536666827541901 -0.017983306330801741
1 -0.0179755180554785 -16.008605366533718 -0.99956691638456574 -0.029427532507002963 
8 -0.49940994150690121 0.53627343491649282
1 -1.8729570900535353 -0.47738126665625763 -0.29372294496468315 -0.95589059604186588 
8 -0.49940994150690121 0.53627343491649282
1 0.53604118367843767 -15.99337975991407 -0.99956691638456574 0.029427532507001489 
8 1.2259427582424633 1.2889449893229958
7 0 0  5 6 2  3.6878784882476889 3.18e-15  3.6939286534936842 0.040987987277094629  3.6999062137757477 0.082743249148149012  3.7058116803923227 0.12527934339954583  3.7116456102079818 0.16861033518525717  3.717408597326743 0.21275082495653974 
 1.2259427582424633 6 1.2889449893229958 6
8 1.2259427582424633 1.2889449893229958
5 1.321563982103324 -23.512601236682301 0.029427532507001489 0.99956691638456585 -0.99956691638456585 0.029427532507001489 1.8784094972218872 0.91469497158666324
8 2.8943412839488869 3.6209571697038818
7 0 0  6 7 2  3.6879610164097962 1.19e-15  3.7009735101666461 0.50579214197743327  3.7121361056723856 1.0855398434902384  3.7217682133669427 1.7525900805581216  3.7301209203074848 2.5235671739653895  3.7373949377882973 3.4194570684119148  3.7437533530015621 4.467932270072045 
 2.8943412839488869 7 3.6209571697038818 7
8 2.8943412839488869 3.6209571697038818
5 10.793345784713622 -23.886325343527595 0.069777924046068182 0.99756255007684658 -0.99756255007684658 0.069777924046068182 0.41601196673338758 0.20469247446503805
8 -3.6209571697038196 -2.8943412839488238
7 0 0  6 7 2  4.1102282809729207 4.4679322700720459  4.1165866961861859 3.4194570684119148  4.1238607136670851 2.5235671739654322  4.1322134206071723 1.7525900805580363  4.1418455283022126 1.085539843490281  4.1530081238078402 0.50579214197743261  4.1660206175646906 5.9999999999999999e-16 
 -3.6209571697038196 7 -2.8943412839488238 7
8 -3.6209571697038196 -2.8943412839488238
5 -1.5765611762730305 -23.886325343527602 -0.069777924046069209 0.99756255007684669 -0.99756255007684669 -0.069777924046069209 0.4160119667334134 0.20469247446505082
8 -1.288944989322985 -1.2259427582424514
7 0 0  5 6 2  4.1365730366477429 0.21275082495653855  4.1423360237665046 0.16861033518525531  4.148169953582169 0.12527934339954361  4.1540754201987582 0.082743249148144349  4.1600529804808026 0.040987987277090999  4.1661031457267983 -9.8999999999999992e-16 
 -1.288944989322985 6 -1.2259427582424514 6
8 -1.288944989322985 -1.2259427582424514
5 -0.28632914318102959 -23.512601236682311 -0.029427532507003022 0.99956691638456574 -0.99956691638456574 -0.029427532507003022 1.8784094972219052 0.91469497158667235
8 -1.0536666827541885 -0.017983306330800339
1 0.0171900734073561 -1.7209868215938087 0.95589059604186599 0.29372294496468299 
8 -1.0536666827541885 -0.017983306330800339
1 -0.017975518055477091 -16.008605366533718 -0.99956691638456574 -0.029427532507002904 
8 -0.49940994150689733 0.53627343491649671
1 0.47738126665625774 -1.8729570900535379 0.95589059604186588 -0.29372294496468343 
8 -0.49940994150689733 0.53627343491649671
1 0.53604118367844156 -15.993379759914074 -0.99956691638456574 0.02942753250700152 
8 1.2259427582424571 1.2889449893229921
7 0 0  5 6 2  5.2586748150425828 8.9000000000000007e-16  5.2647249802885785 0.040987987277093817  5.2707025405706318 0.082743249148150122  5.2766080071872281 0.12527934339955116  5.2824419370028766 0.16861033518526092  5.2882049241216382 0.21275082495654521 
 1.2259427582424571 6 1.2889449893229921 6
8 1.2259427582424571 1.2889449893229921
5 1.32156398210333 -23.512601236682304 0.02942753250700126 0.99956691638456574 -0.99956691638456574 0.02942753250700126 1.8784094972218957 0.91469497158666746
8 2.8943412839488891 3.6209571697038845
7 0 0  6 7 2  5.2587573432046932 1.19e-15  5.2717698369615436 0.50579214197743383  5.2829324324671347 1.0855398434902099  5.2925645401620613 1.75259008055815  5.3009172471022339 2.5235671739653611  5.3081912645831943 3.4194570684119179  5.3145496797964586 4.4679322700720494 
 2.8943412839488891 7 3.6209571697038845 7
8 2.8943412839488891 3.6209571697038845
5 10.793345784713633 -23.886325343527602 0.069777924046067891 0.99756255007684669 -0.99756255007684669 0.069777924046067891 0.41601196673338675 0.20469247446503766
8 -3.6209571697038281 -2.8943412839488323
7 0 0  6 7 2  5.6810246077678181 4.4679322700720459  5.6873830229810833 3.4194570684119148  5.6946570404618342 2.5235671739653185  5.7030097474023478 1.75259008055815  5.7126418550969333 1.0855398434901815  5.7238044506027368 0.50579214197743272  5.7368169443595871 5.9999999999999999e-16 
 -3.6209571697038281 7 -2.8943412839488323 7
8 -3.6209571697038281 -2.8943412839488323
5 -1.5765611762730307 -23.886325343527602 -0.069777924046069126 0.99756255007684669 -0.99756255007684669 -0.069777924046069126 0.41601196673340984 0.2046924744650491
8 -1.2889449893229878 -1.225942758242454
7 0 0  5 6 2  5.7073693634426395 0.21275082495654363  5.7131323505614011 0.1686103351852602  5.7189662803770602 0.12527934339954716  5.7248717469936565 0.08274324914815101  5.7308493072756983 0.040987987277095059  5.736899472521694 2.8799999999999999e-15 
 -1.2889449893229878 6 -1.225942758242454 6
8 -1.2889449893229878 -1.225942758242454
5 -0.28632914318103136 -23.512601236682301 -0.029427532507002811 0.99956691638456574 -0.99956691638456574 -0.029427532507002811 1.8784094972219016 0.91469497158667035
8 -1.0536666827541901 -0.017983306330801929
1 1.7209868215938084 0.017190073407357408 -0.29372294496468304 0.95589059604186599 
8 -1.0536666827541901 -0.017983306330801929
1 -0.01797551805547868 -16.008605366533718 -0.99956691638456574 -0.029427532507002682 
8 -4.0923149457722259 -1.4100598825508874
1 4.8806452372110867 3.9265897362026005 0.69646944878767747 0.71758644559759399 
8 -4.0923149457722259 -1.4100598825508874
1 5.1344444754184622 -15.692045314516736 -0.99756255007684658 0.069777924046068487 
8 -4.0923149457722294 -1.4100598825508825
1 -4.8806452372110831 -3.9265897362025983 -0.69646944878767736 -0.71758644559759421 
8 -4.0923149457722294 -1.4100598825508825
1 5.1344444754184586 -15.692045314516736 -0.99756255007684669 0.069777924046068182 
8 -3.1870996962016189 -0.50484463298028182
1 -1.6788640394083381 0.62773033424065838 0.69646944878767703 -0.71758644559759444 
8 -3.1870996962016189 -0.50484463298028182
1 -0.50361409946842051 -16.012825566430589 -0.99756255007684658 -0.069777924046069278 
8 -4.0923149457722259 -1.4100598825508874
1 -3.9265897362026014 4.8806452372110867 -0.71758644559759399 0.69646944878767747 
8 -4.0923149457722259 -1.4100598825508874
1 5.1344444754184622 -15.692045314516742 -0.99756255007684658 0.069777924046068557 
8 -3.1870996962016127 -0.50484463298028148
1 0.62773033424065561 1.6788640394083429 -0.71758644559759455 -0.69646944878767703 
8 -3.1870996962016127 -0.50484463298028148
1 -0.50361409946842017 -16.012825566430585 -0.99756255007684658 -0.069777924046069431 
8 -3.1870996962016158 -0.50484463298028381
1 1.6788640394083412 -0.62773033424065439 -0.69646944878767691 0.71758644559759455 
8 -3.1870996962016158 -0.50484463298028381
1 -0.50361409946842239 -16.012825566430585 -0.99756255007684669 -0.069777924046069126 
8 -4.092314945772225 -1.4100598825508852
1 3.9265897362026005 -4.8806452372110849 0.71758644559759421 -0.69646944878767725 
8 -4.092314945772225 -1.4100598825508852
1 5.1344444754184639 -15.692045314516738 -0.99756255007684669 0.069777924046068154 
8 -3.1870996962016145 -0.50484463298028281
1 -0.62773033424065472 -1.6788640394083409 0.71758644559759444 0.69646944878767714 
8 -3.1870996962016145 -0.50484463298028281
1 -0.50361409946842151 -16.012825566430593 -0.99756255007684658 -0.069777924046069209 
Curves 46
1 0 -4.011412581100978 0 0.88294759285892688 0.46947156278589092 0 
5 1.1191823569117232 -3.9795518147279942 -0.34389870471141898 0.951493126036841 -0.095810319810347169 -0.29237170472273688 0.091584183710474359 0.9953996095126012 -0.02814168929270389 0.29372294496468321 6.2103100439969694e-16 0.95589059604186588 0.62541683027991368 1.1692924760562395
2 -8.2999999999999998e-16 -2.9985061137858615 1.3299999999999999e-15 -2.8000000000000001e-16 -1 4.4e-16 1 -2.7999999999999992e-16 2.2e-16 -2.1999999999999988e-16 4.4000000000000005e-16 1 1.9050000000000005
5 -0.34389870471142453 -3.9795518147279925 1.1191823569117303 -0.2923717047227371 -0.09581031981034567 0.95149312603684111 -0.028141689292702724 0.99539960951260131 0.091584183710473152 -0.95589059604186588 1.5265566588595902e-16 -0.29372294496468332 0.6254168302799149 1.1692924760562418
5 0.34389870471142026 -3.9795518147279907 1.119182356911727 0.29237170472273694 -0.095810319810346253 0.95149312603684111 0.028141689292703605 0.99539960951260142 0.091584183710473485 -0.95589059604186599 6.0368376963992887e-16 0.29372294496468326 0.62541683027991313 1.1692924760562386
5 -1.1191823569117239 -3.9795518147279925 -0.34389870471141865 -0.951493126036841 -0.095810319810346239 -0.29237170472273721 -0.091584183710473402 0.99539960951260131 -0.028141689292703862 0.29372294496468354 -8.4654505627668186e-16 -0.95589059604186577 0.62541683027991246 1.1692924760562371
5 -1.1191823569117234 -3.9795518147279907 0.34389870471142403 -0.95149312603684111 -0.095810319810346101 0.29237170472273677 -0.091584183710473721 0.99539960951260131 0.028141689292702367 -0.29372294496468304 -6.2796989830360427e-16 -0.95589059604186599 0.62541683027991202 1.1692924760562364
5 0.34389870471142198 -3.9795518147279942 -1.1191823569117252 0.29237170472273716 -0.095810319810346906 -0.95149312603684089 0.028141689292703376 0.99539960951260131 -0.091584183710474248 0.95589059604186588 -1.3877787807814457e-16 0.29372294496468349 0.62541683027991579 1.1692924760562433
5 -0.34389870471142348 -3.9795518147279942 -1.1191823569117216 -0.29237170472273682 -0.095810319810347114 -0.951493126036841 -0.028141689292702686 0.9953996095126012 -0.091584183710474679 0.95589059604186599 -6.106226635438362e-16 -0.2937229449646831 0.6254168302799139 1.1692924760562398
5 1.1191823569117263 -3.9795518147279925 0.3438987047114262 0.95149312603684111 -0.095810319810346475 0.2923717047227371 0.091584183710474124 0.99539960951260131 0.028141689292702284 -0.29372294496468332 8.5348395018058909e-16 0.95589059604186599 0.62541683027991535 1.1692924760562424
1 -3.6312375312026184 16.89720756044677 -0.9900000000000041 0.1001880616120763 -0.99496851825091182 2.2e-16 
1 1.8729570900535395 0.99999999999999756 0.47738126665625957 0.29372294496468315 6.2999999999999998e-16 0.95589059604186588 
1 -3.3300870521190014 16.927531819153945 -3.7600000000000004e-15 0.1001880616120763 -0.99496851825091182 2.2e-16 
5 0.89111177923310325 -6.4583789960707403 -0.2738179213948434 0.951493126036841 -0.095810319810347169 -0.29237170472273688 0.091584183710474359 0.9953996095126012 -0.02814168929270389 0.29372294496468321 6.2103100439969694e-16 0.95589059604186588 1.8784094972218948 0.91469497158666691
5 0.14845181336039739 -6.7592110715959093 -0.14408320176190328 0.71572045526185402 -0.072069260236348742 -0.69465837045899759 0.051715924289849301 0.9973996299021699 -0.050194037951345687 0.69646944878767736 3.0531133177191805e-16 0.71758644559759421 0.41601196673338814 0.20469247446503833
2 2.8000000000000001e-16 0.99999999999999933 -4.4e-16 -2.8000000000000001e-16 -1 4.4e-16 1 -2.7999999999999992e-16 2.2e-16 -2.1999999999999988e-16 4.4000000000000005e-16 1 3.8985816080532527
