<?xml version='1.0' encoding='utf-8'?>
<!-- FreeCAD DocumentObject -->
<Document SchemaVersion="4" FileVersion="2">
<Object name="Pocket">
  <Properties Count="35" TransientCount="2">
    <_Property name="_Body" type="App::PropertyLinkHidden" status="251658241"/>
    <_Property name="_ElementMapVersion" type="App::PropertyString" status="234881024"/>
    <Property name="AddSubShape" type="Part::PropertyPartShape">
      <Part HasherIndex="0" ElementMap="1.15.70200.3.0" brep="1">
<![CDATA[

CASCADE Topology V1, (c) Matra-Datavision
Locations 12
1
              1               0               0               0 
              0               1               0               0 
              0               0               1               0 
1
              1               0               0               0 
              0               1               0               0 
              0               0               1               0 
1
              1               0               0               0 
              0              -0              -1               0 
              0               1              -0               0 
1
              1               0               0               0 
              0               1               0 43.7109517169324 
              0               0               1          -1e-14 
2  1 1 2 1 3 -1 4 1 0
1
              1               0               0              -0 
              0               1               0 -87.4219034338649 
              0               0               1         1.9e-14 
2  1 1 2 1 3 -1 4 1 6 1 0
2  4 -1 3 1 2 -1 1 -1 0
2  6 -1 4 -1 3 1 2 -1 1 -1 0
2  3 -1 4 1 0
2  1 1 2 1 0
2  3 -1 4 1 6 1 0
Curve2ds 28
1 0 0 0 -1 
1 6.2831853071795862 0 0 -1 
1 0 0 1 0 
1 0 -87.421903433864898 1 0 
1 -0 0 0 -1 
1 3.4641016151377544 6.7000000000000004e-16 0 -1 
1 3.4641016151377544 6.7000000000000004e-16 0 -1 
1 0 0 0 -1 
1 -0 0 1 0 
1 0 -87.421903433864898 1 0 
1 3.4641016151377553 0 0 -1 
1 0 0 0 -1 
1 0 0 1 0 
1 -0 -87.421903433864898 1 0 
1 3.4641016151377539 -6.7000000000000004e-16 0 -1 
1 0 0 0 -1 
1 0 0 1 0 
1 1.1e-16 -87.421903433864898 1 0 
1 3.4641016151377557 -6.7000000000000004e-16 0 -1 
1 0 0 0 -1 
1 0 0 1 0 
1 0 -87.421903433864898 1 0 
1 3.4641016151377544 0 0 -1 
1 0 0 0 -1 
1 0 0 1 0 
1 -0 -87.421903433864898 1 0 
1 0 0 1 0 
1 -1.1e-16 -87.421903433864898 1 0 
Curves 14
1 9 43.710951716932449 -9.7100000000000004e-15 -0 -1 2.2e-16 
2 0 0 0 0 0 1 1 0 -0 -0 1 0 9
1 3.4641016151377544 43.710951716932449 -9.7100000000000004e-15 -0 -1 2.2e-16 
1 1.7320508075688774 43.710951716932449 -3.0000000000000098 -0 -1 2.2e-16 
1 3.4641016151377544 0 0 -0.49999999999999994 0.86602540378443871 0 
1 -1.7320508075688779 43.710951716932449 -3.0000000000000098 -0 -1 2.2e-16 
1 1.7320508075688774 3 0 -1 0 0 
1 -3.4641016151377548 43.710951716932449 -1.015e-14 -0 -1 2.2e-16 
1 -1.7320508075688779 3 0 -0.5 -0.86602540378443871 0 
1 -1.7320508075688772 43.710951716932449 2.9999999999999902 -0 -1 2.2e-16 
1 -3.4641016151377548 4.4e-16 0 0.50000000000000011 -0.86602540378443871 0 
1 1.7320508075688772 43.710951716932449 2.9999999999999898 -0 -1 2.2e-16 
1 -1.7320508075688772 -3 0 1 1.2999999999999999e-16 0 
1 1.7320508075688772 -2.9999999999999996 0 0.50000000000000011 0.86602540378443871 0 
Polygon3D 0
PolygonOnTriangulations 0
Surfaces 8
2 0 43.710951716932449 -9.7100000000000004e-15 0 1 -2.2e-16 1 0 0 0 -2.2e-16 -1 9
1 3.4641016151377544 43.710951716932449 -9.7100000000000004e-15 0.86602540378443871 -1.1e-16 -0.49999999999999994 -0.49999999999999994 -1.9000000000000003e-16 -0.86602540378443871 2.6279441628825805e-19 1 -2.1954482671904337e-16 
1 1.7320508075688772 43.710951716932449 2.9999999999999898 0.86602540378443871 1.1e-16 0.50000000000000011 0.50000000000000011 -1.8999999999999998e-16 -0.86602540378443871 -2.6279441628824567e-19 1 -2.1954482671904329e-16 
1 1.7320508075688774 43.710951716932449 -3.0000000000000098 0 -2.2e-16 -1 -1 0 -0 0 1 -2.2e-16 
1 -1.7320508075688779 43.710951716932449 -3.0000000000000098 -0.86602540378443871 -1.1e-16 -0.5 -0.5 1.9000000000000003e-16 0.86602540378443871 -2.6279441628824572e-19 1 -2.1954482671904339e-16 
1 -3.4641016151377548 43.710951716932449 -1.015e-14 -0.86602540378443871 1.1e-16 0.50000000000000011 0.50000000000000011 1.8999999999999998e-16 0.86602540378443871 2.6279441628824567e-19 1 -2.1954482671904329e-16 
1 -1.7320508075688772 43.710951716932449 2.9999999999999902 1.2999999999999999e-16 2.2e-16 1 1 0 -1.2999999999999999e-16 -2.86e-32 1 -2.2e-16 
1 -2.1000000000000001e-16 1.7e-16 0 0 0 1 1 0 -0 -0 1 0 
Triangulations 0

TShapes 40
Ve
1e-07
9 0 0
0 0

0101101
*
Ed
 1e-07 1 1 0
1  1 0 0 87.4219034338649
3  1 2CN 1 0 0 87.4219034338649
0

0101000
+40 5 -40 7 *
Ed
 1e-07 1 1 0
1  2 0 0 6.28318530717959
2  3 1 8 0 6.28318530717959
2  4 1 9 0 6.28318530717959
0

0101000
+40 0 -40 0 *
Wi

0101100
+39 0 -39 0 -38 5 +38 7 *
Fa
0  1e-07 1 0

0111000
+37 0 *
Ve
1e-07
3.46410161513775 0 0
0 0

0101101
*
Ed
 1e-07 1 1 0
1  3 0 0 87.4219034338649
2  5 2 0 0 87.4219034338649
2  6 3 0 0 87.4219034338649
0

0101000
+35 5 -35 7 *
Ve
1e-07
1.73205080756888 3 0
0 0

0101101
*
Ed
 1e-07 1 1 0
1  4 0 0 87.4219034338649
2  7 2 0 0 87.4219034338649
2  8 4 0 0 87.4219034338649
0

0101000
+33 5 -33 7 *
Ed
 1e-07 1 1 0
1  5 0 0 3.46410161513775
2  9 2 8 0 3.46410161513775
2  10 2 9 0 3.46410161513775
0

0101000
+35 0 -33 0 *
Wi

0101100
+34 0 -32 0 -31 5 +31 7 *
Fa
0  1e-07 2 0

0111000
+30 0 *
Ve
1e-07
-1.73205080756888 3 0
0 0

0101101
*
Ed
 1e-07 1 1 0
1  6 0 0 87.4219034338649
2  11 4 0 0 87.4219034338649
2  12 5 0 0 87.4219034338649
0

0101000
+28 5 -28 7 *
Ed
 1e-07 1 1 0
1  7 0 0 3.46410161513775
2  13 4 8 0 3.46410161513775
2  14 4 9 0 3.46410161513775
0

0101000
+33 0 -28 0 *
Wi

0101100
+32 0 -27 0 -26 5 +26 7 *
Fa
0  1e-07 4 0

0111000
+25 0 *
Ve
1e-07
-3.46410161513775 0 0
0 0

0101101
*
Ed
 1e-07 1 1 0
1  8 0 0 87.4219034338649
2  15 5 0 0 87.4219034338649
2  16 6 0 0 87.4219034338649
0

0101000
+23 5 -23 7 *
Ed
 1e-07 1 1 0
1  9 0 0 3.46410161513775
2  17 5 8 0 3.46410161513775
2  18 5 9 0 3.46410161513775
0

0101000
+28 0 -23 0 *
Wi

0101100
+27 0 -22 0 -21 5 +21 7 *
Fa
0  1e-07 5 0

0111000
+20 0 *
Ve
1e-07
-1.73205080756888 -3 0
0 0

0101101
*
Ed
 1e-07 1 1 0
1  10 0 0 87.4219034338649
2  19 6 0 0 87.4219034338649
2  20 7 0 0 87.4219034338649
0

0101000
+18 5 -18 7 *
Ed
 1e-07 1 1 0
1  11 0 0 3.46410161513775
2  21 6 8 0 3.46410161513775
2  22 6 9 0 3.46410161513775
0

0101000
+23 0 -18 0 *
Wi

0101100
+22 0 -17 0 -16 5 +16 7 *
Fa
0  1e-07 6 0

0111000
+15 0 *
Ve
1e-07
1.73205080756888 -3 0
0 0

0101101
*
Ed
 1e-07 1 1 0
1  12 0 0 87.4219034338649
2  23 7 0 0 87.4219034338649
2  24 3 0 0 87.4219034338649
0

0101000
+13 5 -13 7 *
Ed
 1e-07 1 1 0
1  13 0 0 3.46410161513775
2  25 7 8 0 3.46410161513775
2  26 7 9 0 3.46410161513775
0

0101000
+18 0 -13 0 *
Wi

0101100
+17 0 -12 0 -11 5 +11 7 *
Fa
0  1e-07 7 0

0111000
+10 0 *
Ed
 1e-07 1 1 0
1  14 0 0 3.46410161513775
2  27 3 8 0 3.46410161513775
2  28 3 9 0 3.46410161513775
0

0101000
+13 0 -35 0 *
Wi

0101100
+12 0 -34 0 -8 5 +8 7 *
Fa
0  1e-07 3 0

0111000
+7 0 *
Wi

0101100
+38 0 *
Wi

0101100
+31 0 +26 0 +21 0 +16 0 +11 0 +8 0 *
Fa
0  1e-07 8 0

0111000
+5 11 -4 11 *
Sh

0101100
+36 0 -29 0 -24 0 -19 0 -14 0 -9 0 -6 0 +3 10 -3 12 *
So

1100000
+2 0 *

+1 0 ]]>
      </Part>
      <ElementMap count="50">
<![CDATA[
Edge1	#9e;:G;XTR;:T4189:3:E 3 0 155 158
Edge10	#ac;:U;XTR;:T4189:3:E 4 0 150 166 172
Edge11	#9f;:G;XTR;:T4189:3:E 3 0 143 159
Edge12	#97;:T4189:3:E 2 0 151
Edge13	#ad;:U;XTR;:T4189:3:E 4 0 151 167 173
Edge14	#a0;:G;XTR;:T4189:3:E 3 0 145 160
Edge15	#98;:T4189:3:E 2 0 152
Edge16	#ae;:U;XTR;:T4189:3:E 4 0 152 168 174
Edge17	#a1;:G;XTR;:T4189:3:E 3 0 147 161
Edge18	#99;:T4189:3:E 2 0 153
Edge19	#af;:U;XTR;:T4189:3:E 4 0 153 169 175
Edge2	#9c;:T4189:3:E 2 0 156
Edge20	#9a;:T4189:3:E 2 0 154
Edge21	#b0;:U;XTR;:T4189:3:E 4 0 154 170 176
Edge3	#b1;:U;XTR;:T4189:3:E 4 0 156 157 177
Edge4	#a2;:G;XTR;:T4189:3:E 3 0 137 162
Edge5	#a3;:G;XTR;:T4189:3:E 3 0 139 163
Edge6	#95;:T4189:3:E 2 0 149
Edge7	#b2;:U;XTR;:T4189:3:E 4 0 149 165 178
Edge8	#a4;:G;XTR;:T4189:3:E 3 0 141 164
Edge9	#96;:T4189:3:E 2 0 150
Face1	#9d;:G;XTR;:T4189:3:F 3 0 156 157
Face2	#a5;:G;XTR;:T4189:3:F 3 0 149 165
Face3	#a6;:G;XTR;:T4189:3:F 3 0 150 166
Face4	#a7;:G;XTR;:T4189:3:F 3 0 151 167
Face5	#a8;:G;XTR;:T4189:3:F 3 0 152 168
Face6	#a9;:G;XTR;:T4189:3:F 3 0 153 169
Face7	#aa;:G;XTR;:T4189:3:F 3 0 154 170
Face8	#9d;FAC;:T4189:3:F 1 157
Face9	#ab;:G0;XTR;:T4189:3:F 2 157 171
Vertex1	#9b;:T4189:3:V 2 0 155
Vertex10	#b3;:U;XTR;:T4189:3:V 4 0 143 159 179
Vertex11	#91;:T4189:3:V 2 0 145
Vertex11	#92;:T4189:3:V 2 0 146
Vertex12	#b4;:U;XTR;:T4189:3:V 4 0 145 160 180
Vertex13	#93;:T4189:3:V 2 0 147
Vertex13	#94;:T4189:3:V 2 0 148
Vertex14	#b5;:U;XTR;:T4189:3:V 4 0 147 161 181
Vertex2	#b6;:U;XTR;:T4189:3:V 4 0 155 158 182
Vertex3	#89;:T4189:3:V 2 0 137
Vertex3	#8a;:T4189:3:V 2 0 138
Vertex4	#b7;:U;XTR;:T4189:3:V 4 0 137 162 183
Vertex5	#8b;:T4189:3:V 2 0 139
Vertex5	#8c;:T4189:3:V 2 0 140
Vertex6	#b8;:U;XTR;:T4189:3:V 4 0 139 163 184
Vertex7	#8d;:T4189:3:V 2 0 141
Vertex7	#8e;:T4189:3:V 2 0 142
Vertex8	#b9;:U;XTR;:T4189:3:V 4 0 141 164 185
Vertex9	#8f;:T4189:3:V 2 0 143
Vertex9	#90;:T4189:3:V 2 0 144
]]>
      </ElementMap>
    </Property>
    <Property name="AllowMultiFace" type="App::PropertyBool">
      <Bool value="true"/>
    </Property>
    <Property name="BaseFeature" type="App::PropertyLink" status="8">
      <Link value="Revolution001"/>
    </Property>
    <Property name="ClaimChildren" type="App::PropertyBool" status="134217728">
      <Bool value="false"/>
    </Property>
    <Property name="ColoredElements" type="App::PropertyLinkSubHidden" status="218103808">
      <LinkSub value="" count="0">
      </LinkSub>
    </Property>
    <Property name="ExpressionEngine" type="App::PropertyExpressionEngine" status="67108864">
      <ExpressionEngine count="0"></ExpressionEngine>
    </Property>
    <Property name="Fit" type="App::PropertyDistance">
      <Float value="0"/>
    </Property>
    <Property name="FitJoin" type="App::PropertyEnumeration">
      <Integer value="0"/>
    </Property>
    <Property name="InnerFit" type="App::PropertyDistance">
      <Float value="0"/>
    </Property>
    <Property name="InnerFitJoin" type="App::PropertyEnumeration">
      <Integer value="0"/>
    </Property>
    <Property name="InnerTaperAngle" type="App::PropertyAngle">
      <Float value="0"/>
    </Property>
    <Property name="InnerTaperAngleRev" type="App::PropertyAngle">
      <Float value="0"/>
    </Property>
    <Property name="Label" type="App::PropertyString" status="134217728">
      <String value="Pocket"/>
    </Property>
    <Property name="Label2" type="App::PropertyString" status="128">
      <String value=""/>
    </Property>
    <Property name="Length" type="App::PropertyLength">
      <Float value="5"/>
    </Property>
    <Property name="Length2" type="App::PropertyLength">
      <Float value="100"/>
    </Property>
    <Property name="Linearize" type="App::PropertyBool">
      <Bool value="false"/>
    </Property>
    <Property name="Midplane" type="App::PropertyBool">
      <Bool value="true"/>
    </Property>
    <Property name="NewSolid" type="App::PropertyBool">
      <Bool value="false"/>
    </Property>
    <Property name="Offset" type="App::PropertyLength">
      <Float value="0"/>
    </Property>
    <Property name="Placement" type="App::PropertyPlacement" status="8388620">
      <PropertyPlacement Px="0" Py="0" Pz="0" Q0="0.7071067811865476" Q1="0" Q2="0" Q3="0.7071067811865475" A="1.570796326794897" Ox="1" Oy="0" Oz="0"/>
    </Property>
    <Property name="Profile" type="App::PropertyLinkSub">
      <LinkSub value="Sketch002" count="0">
      </LinkSub>
    </Property>
    <Property name="Refine" type="App::PropertyBool">
      <Bool value="false"/>
    </Property>
    <Property name="Reversed" type="App::PropertyBool">
      <Bool value="false"/>
    </Property>
    <Property name="Shape" type="Part::PropertyPartShape">
      <Part HasherIndex="0" ElementMap="1.15.70200.3.0" brep="1">
<![CDATA[

CASCADE Topology V1, (c) Matra-Datavision
Locations 13
1
              1               0               0               0 
              0              -0              -1               0 
              0               1              -0               0 
1
              1               0               0               0 
              0              -0              -1               0 
              0               1              -0               0 
1
              1               0               0               0 
              0              -0              -1               0 
              0               1              -0               0 
2  2 1 3 -1 0
1
              1               0               0               0 
              0              -0              -1               0 
              0               1              -0               0 
2  5 1 1 -1 0
1
              1               0               0               0 
              0               1               0               0 
              0               0               1               0 
1
              1               0               0               0 
              0              -0              -1               0 
              0               1              -0               0 
1
              1               0               0               0 
              0              -0              -1               0 
              0               1              -0               0 
2  7 1 8 1 9 -1 2 1 3 -1 0
2  9 1 8 -1 7 -1 0
2  3 1 2 -1 9 1 8 -1 7 -1 0
2  7 1 8 1 9 -1 0
Curve2ds 46
8 -0.86602540378443627 2.5980762113533182
1 -2.1650635094610955 2.2499999999999942 -0.50000000000000011 -0.86602540378443871 
8 -0.86602540378443627 2.5980762113533182
1 0.86602540378443615 -8.7109517169324491 1 1.9000000000000001e-16 
1 2.1650635094610955 2.2499999999999942 0.50000000000000011 -0.86602540378443871 
8 -0.86602540378443882 2.5980762113533156
1 0.86602540378443837 2.999999999999992 -1 -1.2999999999999999e-16 
8 -0.86602540378443882 2.5980762113533156
1 0.86602540378443882 -8.7109517169324491 1 0 
1 -0.86602540378443837 2.999999999999992 1 -1.2999999999999999e-16 
8 -0.86602540378444148 2.5980762113533142
1 3.0310889132455343 0.74999999999999434 -0.50000000000000011 0.86602540378443871 
8 -0.86602540378444148 2.5980762113533142
1 0.86602540378444148 -8.7109517169324491 1 -1.9000000000000001e-16 
1 -3.0310889132455343 0.74999999999999434 0.50000000000000011 0.86602540378443871 
8 -0.86602540378444115 2.5980762113533129
1 2.1650635094610986 -2.2500000000000058 0.5 0.86602540378443871 
8 -0.86602540378444115 2.5980762113533129
1 0.86602540378444115 -8.7109517169324491 1 -1.9000000000000001e-16 
1 -2.1650635094610986 -2.2500000000000058 -0.5 0.86602540378443871 
8 -0.86602540378443871 2.5980762113533165
1 -0.86602540378443871 -3.000000000000008 1 0 
8 -0.86602540378443871 2.5980762113533165
1 0.86602540378443871 -8.7109517169324491 1 0 
1 0.86602540378443871 -3.000000000000008 -1 0 
8 -0.86602540378443604 2.5980762113533182
1 -3.0310889132455365 -0.75000000000000555 0.49999999999999994 -0.86602540378443871 
8 -0.86602540378443604 2.5980762113533182
1 0.86602540378443604 -8.7109517169324491 1 1.9000000000000001e-16 
1 3.0310889132455365 -0.75000000000000555 -0.49999999999999994 -0.86602540378443871 
1 -0 0 0 -1 
1 3.4641016151377544 6.7000000000000004e-16 0 -1 
8 -0.54930614433405478 0.64677482640156569
7 0 0  6 12 3  6.0000000000000001e-17 2.9282032302755137  0.08631970880335002 3.1275500587314502  0.17780110411932526 3.2792099283123832  0.27367608414056832 3.3867474487981895  0.37262459642950674 3.4523070929554933  0.47275866983489417 3.47682071594103  0.67186900438372976 3.4431535198182948  0.77084402502364924 3.3849726896465029  0.8674697476590012 3.2851438502223687  0.96004692728578078 3.1421327982976379  1.0475588526358173 2.9531579232815437  1.1294898944375442 2.7139417291344206 
 -0.54930614433405478 7 0.048734341033755402 5 0.64677482640156569 7
8 -0.54930614433405478 0.64677482640156569
5 1.7320508075688719 -16.057361878446226 -1.9000000000000001e-16 1 -1 -1.9000000000000001e-16 1.7320508075688743 2.9999999999999969
1 3.4641016151377544 0 0 -1 
1 0 0 0 -1 
8 -0.64677482640156791 0.64677482640156814
7 0 0  6 12 3  0.96490520795564916 2.7139417291344201  1.0535128133514957 2.972651659695047  1.1486477164461917 3.1725983225556718  1.2496590041494358 3.3191923480358128  1.3552055411135484 3.4157983940656891  1.4630005223946352 3.4641016151377633  1.6785921311951579 3.4641016151377633  1.7863871124762909 3.4157983940656322  1.8919336494401762 3.3191923480359833  1.9929449371436334 3.1725983225555865  2.0880798402382976 2.9726516596950474  2.1766874456341441 2.7139417291344201 
 -0.64677482640156791 7 1.1e-16 5 0.64677482640156814 7
8 -0.64677482640156791 0.64677482640156814
5 1.7320508075688776 -16.057361878446226 -0 1 -1 -0 1.7320508075688723 2.9999999999999933
1 3.4641016151377557 -6.7000000000000004e-16 0 -1 
1 0 0 0 -1 
8 -0.64677482640156625 0.64677482640156914
7 0 0  6 12 3  2.0121027591522482 2.7139417291344188  2.1007103645480951 2.9726516596950452  2.1958452676428237 3.1725983225555865  2.2968565553459257 3.3191923480360401  2.402403092310152 3.4157983940656038  2.5101980735912344 3.4641016151377579  2.7257896823917571 3.4641016151377571  2.8335846636728377 3.4157983940656607  2.9391312006368366 3.3191923480359264  3.0401424883401944 3.1725983225556433  3.1352773914348959 2.9726516596950394  3.2238849968307424 2.7139417291344117 
 -0.64677482640156625 7 1.4399999999999999e-15 5 0.64677482640156914 7
8 -0.64677482640156625 0.64677482640156914
5 1.7320508075688834 -16.057361878446226 1.9000000000000001e-16 1 -1 1.9000000000000001e-16 1.7320508075688745 2.9999999999999973
1 3.4641016151377539 -6.7000000000000004e-16 0 -1 
1 0 0 0 -1 
8 -0.64677482640156447 0.64677482640156758
7 0 0  6 12 3  3.0593003103488479 2.713941729134413  3.1479079157446943 2.9726516596950385  3.2430428188394558 3.1725983225557002  3.3440541065426146 3.3191923480357559  3.4496006435067841 3.4157983940657175  3.5573956247878327 3.4641016151377499  3.7729872335883545 3.4641016151377491  3.8807822148695266 3.4157983940656322  3.9863287518332413 3.3191923480360401  4.0873400395368549 3.1725983225556149  4.1824749426314929 2.9726516596950328  4.2710825480273389 2.7139417291344055 
 -0.64677482640156447 7 1.5499999999999999e-15 5 0.64677482640156758 7
8 -0.64677482640156447 0.64677482640156758
5 1.7320508075688825 -16.057361878446226 1.9000000000000001e-16 1 -1 1.9000000000000001e-16 1.7320508075688783 3.000000000000004
1 3.4641016151377553 0 0 -1 
1 0 0 0 -1 
8 -0.64677482640156569 0.64677482640156569
7 0 0  6 12 3  4.1064978615454439 2.7139417291344063  4.1951054669412899 2.9726516596950328  4.2902403700360594 3.1725983225557286  4.3912516577390761 3.3191923480357559  4.4967981947033309 3.4157983940657459  4.6045931759844283 3.4641016151377477  4.820184784784951 3.4641016151377477  4.9279797660660165 3.4157983940657175  5.0335263030300439 3.3191923480358696  5.1345375907333732 3.1725983225557002  5.2296724938280876 2.9726516596950332  5.3182800992239345 2.7139417291344072 
 -0.64677482640156569 7 0 5 0.64677482640156569 7
8 -0.64677482640156569 0.64677482640156569
5 1.7320508075688774 -16.057361878446226 0 1 -1 0 1.7320508075688796 3.0000000000000062
1 3.4641016151377544 6.7000000000000004e-16 0 -1 
1 0 0 0 -1 
8 -0.6467748264015678 0.54930614433405467
7 0 0  6 12 3  5.1536954127420405 2.7139417291344055  5.2356264545437678 2.9531579232815304  5.3231383798938054 3.14213279829778  5.4157155595206632 3.2851438502220844  5.5123412821559441 3.384972689646645  5.6113163027958555 3.4431535198182872  5.8104266373446913 3.4768207159410234  5.9105607107500191 3.4523070929553796  6.0095092230390037 3.3867474487985305  6.1053842030602254 3.2792099283122695  6.1968655983762364 3.1275500587314427  6.2831853071795862 2.9282032302755057 
 -0.6467748264015678 7 -0.048734341033756623 5 0.54930614433405467 7
8 -0.6467748264015678 0.54930614433405467
5 1.7320508075688716 -16.057361878446226 -1.9000000000000001e-16 1 -1 -1.9000000000000001e-16 1.7320508075688779 3.0000000000000031
1 6.2831853071795862 0 0 1 
1 0 0 0 1 
1 0 6.2353829072479572 1 0 
2 0 0 1 0 -0 1 0.59999999999999964
Curves 20
1 2.1650635094610955 35 2.2499999999999942 0.50000000000000011 0 -0.86602540378443871 
1 -0.86602540378443837 35 2.999999999999992 1 0 -1.2999999999999999e-16 
1 -3.0310889132455343 35 0.74999999999999434 0.50000000000000011 -0 0.86602540378443871 
1 -2.1650635094610986 35 -2.2500000000000058 -0.5 0 0.86602540378443871 
1 0.86602540378443871 35 -3.000000000000008 -1 0 -0 
1 3.0310889132455365 35 -0.75000000000000555 -0.49999999999999994 0 -0.86602540378443871 
1 3.4641016151377544 43.710951716932449 -9.7100000000000004e-15 -0 -1 2.2e-16 
5 2.5980762113533133 27.653589838486223 1.4999999999999987 0.86602540378443871 1.1e-16 0.50000000000000011 -9.1782032302755081e-17 1 -6.1028856829700253e-17 -0.50000000000000011 6.9615242270663101e-18 0.86602540378443871 1.7320508075688743 2.9999999999999969
1 1.7320508075688772 43.710951716932449 2.9999999999999898 -0 -1 2.2e-16 
5 3.8000000000000001e-16 27.653589838486223 2.9999999999999933 1.2999999999999999e-16 2.2e-16 1 0 1 -2.2e-16 -1 2.86e-32 1.2999999999999999e-16 1.7320508075688723 2.9999999999999933
1 -1.7320508075688772 43.710951716932449 2.9999999999999902 -0 -1 2.2e-16 
5 -2.5980762113533138 27.653589838486223 1.4999999999999989 -0.86602540378443871 1.1e-16 0.50000000000000011 9.1782032302755081e-17 1 -6.1028856829700253e-17 -0.50000000000000011 -6.9615242270663101e-18 -0.86602540378443871 1.7320508075688745 2.9999999999999973
1 -3.4641016151377548 43.710951716932449 -1.015e-14 -0 -1 2.2e-16 
5 -2.5980762113533196 27.653589838486223 -1.500000000000002 -0.86602540378443871 -1.1e-16 -0.5 -9.1782032302755094e-17 1 -6.1028856829700265e-17 0.5 -6.9615242270663224e-18 -0.86602540378443871 1.7320508075688783 3.000000000000004
1 -1.7320508075688779 43.710951716932449 -3.0000000000000098 -0 -1 2.2e-16 
5 0 27.653589838486223 -3.0000000000000062 0 -2.2e-16 -1 0 1 -2.2e-16 1 0 0 1.7320508075688796 3.0000000000000062
1 1.7320508075688774 43.710951716932449 -3.0000000000000098 -0 -1 2.2e-16 
5 2.5980762113533187 27.653589838486223 -1.5000000000000013 0.86602540378443871 -1.1e-16 -0.49999999999999994 9.1782032302755094e-17 1 -6.1028856829700265e-17 0.49999999999999994 6.9615242270663286e-18 0.86602540378443871 1.7320508075688779 3.0000000000000031
1 6 31.117691453623976 0 -0.86602540378443882 -0.49999999999999967 0 
2 0 28 0 -0 -1 -0 1 -0 0 -0 0 1 0.59999999999999964
Polygon3D 0
PolygonOnTriangulations 0
Surfaces 10
1 0 35 0 -0 -1 -0 -1 0 -0 -0 -0 1 
1 1.7320508075688772 43.710951716932449 2.9999999999999898 0.86602540378443871 1.1e-16 0.50000000000000011 0.50000000000000011 -1.8999999999999998e-16 -0.86602540378443871 -2.6279441628824567e-19 1 -2.1954482671904329e-16 
1 0 35 0 -0 -1 -0 1 -0 0 -0 0 1 
1 -1.7320508075688772 43.710951716932449 2.9999999999999902 1.2999999999999999e-16 2.2e-16 1 1 0 -1.2999999999999999e-16 -2.86e-32 1 -2.2e-16 
1 -3.4641016151377548 43.710951716932449 -1.015e-14 -0.86602540378443871 1.1e-16 0.50000000000000011 0.50000000000000011 1.8999999999999998e-16 0.86602540378443871 2.6279441628824567e-19 1 -2.1954482671904329e-16 
1 -1.7320508075688779 43.710951716932449 -3.0000000000000098 -0.86602540378443871 -1.1e-16 -0.5 -0.5 1.9000000000000003e-16 0.86602540378443871 -2.6279441628824572e-19 1 -2.1954482671904339e-16 
1 1.7320508075688774 43.710951716932449 -3.0000000000000098 0 -2.2e-16 -1 -1 0 -0 0 1 -2.2e-16 
1 3.4641016151377544 43.710951716932449 -9.7100000000000004e-15 0.86602540378443871 -1.1e-16 -0.49999999999999994 -0.49999999999999994 -1.9000000000000003e-16 -0.86602540378443871 2.6279441628825805e-19 1 -2.1954482671904337e-16 
3 0 31.117691453623976 0 -0 -1 -0 1 -0 0 -0 0 1 6
-1.0471975511965981
1 0 28 0 -0 -1 -0 1 -0 0 -0 0 1 
Triangulations 0

TShapes 53
Ve
1.5e-07
1.73205080756888 35 2.99999999999999
0 0

0101101
*
Ve
1.5e-07
3.46410161513775 35 -8e-15
0 0

0101101
*
Ed
 1.5e-07 1 1 0
1  1 0 -0.866025403784436 2.59807621135332
2  1 1 4 -0.866025403784436 2.59807621135332
2  2 2 0 -0.866025403784436 2.59807621135332
2  3 3 6 -0.866025403784436 2.59807621135332
0

0101000
+53 0 -52 0 *
Ve
1.50000001e-07
-1.73205080756888 35 2.99999999999999
0 0

0101101
*
Ed
 1.5e-07 1 1 0
1  2 0 -0.866025403784439 2.59807621135332
2  4 1 4 -0.866025403784439 2.59807621135332
2  5 4 0 -0.866025403784439 2.59807621135332
2  6 3 6 -0.866025403784439 2.59807621135332
0

0101000
+50 0 -53 0 *
Ve
1.5e-07
-3.46410161513775 35 -8e-15
0 0

0101101
*
Ed
 1.5e-07 1 1 0
1  3 0 -0.866025403784441 2.59807621135331
2  7 1 4 -0.866025403784441 2.59807621135331
2  8 5 0 -0.866025403784441 2.59807621135331
2  9 3 6 -0.866025403784441 2.59807621135331
0

0101000
+48 0 -50 0 *
Ve
1.5e-07
-1.73205080756888 35 -3.00000000000001
0 0

0101101
*
Ed
 1.5e-07 1 1 0
1  4 0 -0.866025403784441 2.59807621135331
2  10 1 4 -0.866025403784441 2.59807621135331
2  11 6 0 -0.866025403784441 2.59807621135331
2  12 3 6 -0.866025403784441 2.59807621135331
0

0101000
+46 0 -48 0 *
Ve
1.5e-07
1.73205080756888 35 -3.00000000000001
0 0

0101101
*
Ed
 1.5e-07 1 1 0
1  5 0 -0.866025403784439 2.59807621135332
2  13 1 4 -0.866025403784439 2.59807621135332
2  14 7 0 -0.866025403784439 2.59807621135332
2  15 3 6 -0.866025403784439 2.59807621135332
0

0101000
+44 0 -46 0 *
Ed
 1.5e-07 1 1 0
1  6 0 -0.866025403784436 2.59807621135332
2  16 1 4 -0.866025403784436 2.59807621135332
2  17 8 0 -0.866025403784436 2.59807621135332
2  18 3 6 -0.866025403784436 2.59807621135332
0

0101000
+52 0 -44 0 *
Wi

0101100
+51 0 +49 0 +47 0 +45 0 +43 0 +42 0 *
Fa
0  1e-07 1 4

0101000
+41 0 *
Ve
1.77757957e-07
3.46410161513775 29.6535898384862 -3e-15
0 0

0101101
*
Ed
 1e-07 1 1 0
1  7 0 8.71095171693245 14.0573618784462
2  19 8 0 8.71095171693245 14.0573618784462
2  20 2 0 8.71095171693245 14.0573618784462
0

0101000
+52 0 -39 0 *
Ve
1.77756958e-07
1.73205080756888 29.6535898384862 2.99999999999999
0 0

0101101
*
Ed
 1.77756957e-07 1 1 0
1  8 0 -0.549306144334055 0.549306144334054
2  21 9 4 -0.549306144334055 0.549306144334054
2  22 2 0 -0.549306144334055 0.549306144334054
0

0101000
+39 0 -37 0 *
Ed
 1e-07 1 1 0
1  9 0 8.71095171693245 14.0573618784462
2  23 4 0 8.71095171693245 14.0573618784462
2  24 2 0 8.71095171693245 14.0573618784462
0

0101000
+53 0 -37 0 *
Wi

0101100
-51 0 -38 0 -36 0 +35 0 *
Fa
0  1e-07 2 0

0101000
+34 0 *
Ve
1.29498809e-07
-1.73205080756888 29.6535898384862 2.99999999999999
0 0

0101101
*
Ed
 1.29498747e-07 1 1 0
1  10 0 -0.549306144334056 0.549306144334056
2  25 9 4 -0.549306144334056 0.549306144334056
2  26 4 0 -0.549306144334056 0.549306144334056
0

0101000
+37 0 -32 0 *
Ed
 1e-07 1 1 0
1  11 0 8.71095171693245 14.0573618784462
2  27 5 0 8.71095171693245 14.0573618784462
2  28 4 0 8.71095171693245 14.0573618784462
0

0101000
+50 0 -32 0 *
Wi

0101100
-49 0 -35 0 -31 0 +30 0 *
Fa
0  1e-07 4 0

0101000
+29 0 *
Ve
1.29498808e-07
-3.46410161513775 29.6535898384862 -7e-15
0 0

0101101
*
Ed
 1.29498808e-07 1 1 0
1  12 0 -0.549306144334054 0.549306144334057
2  29 9 4 -0.549306144334054 0.549306144334057
2  30 5 0 -0.549306144334054 0.549306144334057
0

0101000
+32 0 -27 0 *
Ed
 1e-07 1 1 0
1  13 0 8.71095171693245 14.0573618784462
2  31 6 0 8.71095171693245 14.0573618784462
2  32 5 0 8.71095171693245 14.0573618784462
0

0101000
+48 0 -27 0 *
Wi

0101100
-47 0 -30 0 -26 0 +25 0 *
Fa
0  1e-07 5 0

0101000
+24 0 *
Ve
1.29498844e-07
-1.73205080756888 29.6535898384862 -3.00000000000001
0 0

0101101
*
Ed
 1.29498706e-07 1 1 0
1  14 0 -0.549306144334052 0.549306144334056
2  33 9 4 -0.549306144334052 0.549306144334056
2  34 6 0 -0.549306144334052 0.549306144334056
0

0101000
+27 0 -22 0 *
Ed
 1e-07 1 1 0
1  15 0 8.71095171693245 14.0573618784462
2  35 7 0 8.71095171693245 14.0573618784462
2  36 6 0 8.71095171693245 14.0573618784462
0

0101000
+46 0 -22 0 *
Wi

0101100
-45 0 -25 0 -21 0 +20 0 *
Fa
0  1e-07 6 0

0101000
+19 0 *
Ve
1.77756879e-07
1.73205080756888 29.6535898384862 -3.00000000000001
0 0

0101101
*
Ed
 1.29498844e-07 1 1 0
1  16 0 -0.549306144334054 0.549306144334054
2  37 9 4 -0.549306144334054 0.549306144334054
2  38 7 0 -0.549306144334054 0.549306144334054
0

0101000
+22 0 -17 0 *
Ed
 1e-07 1 1 0
1  17 0 8.71095171693245 14.0573618784462
2  39 8 0 8.71095171693245 14.0573618784462
2  40 7 0 8.71095171693245 14.0573618784462
0

0101000
+44 0 -17 0 *
Wi

0101100
-43 0 -20 0 -16 0 +15 0 *
Fa
0  1e-07 7 0

0101000
+14 0 *
Ed
 1.77756878e-07 1 1 0
1  18 0 -0.549306144334056 0.549306144334055
2  41 9 4 -0.549306144334056 0.549306144334055
2  42 8 0 -0.549306144334056 0.549306144334055
0

0101000
+17 0 -39 0 *
Wi

0101100
+38 0 -42 0 -15 0 -12 0 *
Fa
0  1e-07 8 0

0101000
+11 0 *
Ve
1e-07
0.6 28 0
0 0

0101101
*
Ed
 1e-07 1 1 0
1  19 0 2.92820323027551 6.23538290724796
3  43 44CN 9 11 2.92820323027551 6.23538290724796
0

0101000
+39 12 -9 0 *
Ed
 1e-07 1 1 0
1  20 0 0 6.28318530717959
2  45 9 0 0 6.28318530717959
2  46 10 0 0 6.28318530717959
0

0101000
+9 13 -9 13 *
Wi

0101100
+12 0 +16 0 +21 0 +26 0 +31 0 +36 0 -8 10 -7 4 +8 10 *
Fa
0  1e-07 9 4

0101000
+6 0 *
Wi

0101100
+7 0 *
Fa
0  1e-07 10 0

0101000
+4 0 *
Sh

0101100
+40 0 +33 0 +28 0 +23 0 +18 0 +13 0 +10 0 +5 0 +3 4 *
So

0100000
+2 0 *

+1 1 ]]>
      </Part>
      <ElementMap count="43">
<![CDATA[
Edge1	#b0;:G#bf;CUT;:T-4190:3:E 10 0 154 170 190 108 122 127 133 191 176
Edge10	#af;:G2#c1;CUT;:T-4190:3:E 9 0 153 169 192 118 126 135 193 175
Edge11	#b4;:M;CUT;:T-4190:3:E 4 0 145 160 180
Edge12	#ae;:G2#c2;CUT;:T-4190:3:E 9 0 152 168 192 118 126 135 194 174
Edge13	#b3;:M;CUT;:T-4190:3:E 4 0 143 159 179
Edge14	#ad;:G2#c3;CUT;:T-4190:3:E 9 0 151 167 192 118 126 135 195 173
Edge15	#b9;:M;CUT;:T-4190:3:E 4 0 141 164 185
Edge16	#ac;:G2#c4;CUT;:T-4190:3:E 9 0 150 166 192 118 126 135 196 172
Edge17	#b8;:M;CUT;:T-4190:3:E 4 0 139 163 184
Edge18	#b2;:G2#c5;CUT;:T-4190:3:E 9 0 149 165 192 118 126 135 197 178
Edge19	#c6;:M;CUT;:T4188:3:E 3 118 126 198
Edge2	#af;:G#c7;CUT;:T-4190:3:E 10 0 153 169 190 108 122 127 133 199 175
Edge20	#bc;:T4188:3:E 4 112 124 128 188
Edge3	#ae;:G#c8;CUT;:T-4190:3:E 10 0 152 168 190 108 122 127 133 200 174
Edge4	#ad;:G#c9;CUT;:T-4190:3:E 10 0 151 167 190 108 122 127 133 201 173
Edge5	#ac;:G#ca;CUT;:T-4190:3:E 10 0 150 166 190 108 122 127 133 202 172
Edge6	#b2;:G#cb;CUT;:T-4190:3:E 10 0 149 165 190 108 122 127 133 203 178
Edge7	#b7;:M;CUT;:T-4190:3:E 4 0 137 162 183
Edge8	#b0;:G2#cc;CUT;:T-4190:3:E 9 0 154 170 192 118 126 135 204 176
Edge9	#b5;:M;CUT;:T-4190:3:E 4 0 147 161 181
Face1	#be;:M;CUT;:T4188:3:F 5 108 122 127 133 190
Face2	#b0;:M;CUT;:T-4190:3:F 4 0 154 170 176
Face3	#af;:M;CUT;:T-4190:3:F 4 0 153 169 175
Face4	#ae;:M;CUT;:T-4190:3:F 4 0 152 168 174
Face5	#ad;:M;CUT;:T-4190:3:F 4 0 151 167 173
Face6	#ac;:M;CUT;:T-4190:3:F 4 0 150 166 172
Face7	#b2;:M;CUT;:T-4190:3:F 4 0 149 165 178
Face8	#c0;:M;CUT;:T4188:3:F 4 118 126 135 192
Face9	#bd;:T4188:3:F 5 112 124 128 136 189
Vertex1	#b5;:G#cd;CUT;:T-4190:3:V 10 0 147 161 190 108 122 127 133 205 181
Vertex10	#b3;:G2#ce;CUT;:T-4190:3:V 9 0 143 159 192 118 126 135 206 179
Vertex11	#b9;:G2#cf;CUT;:T-4190:3:V 9 0 141 164 192 118 126 135 207 185
Vertex12	#b8;:G2#d0;CUT;:T-4190:3:V 9 0 139 163 192 118 126 135 208 184
Vertex13	#ba;:T4188:3:V 3 112 124 186
Vertex13	#bb;:T4188:3:V 3 113 131 187
Vertex2	#b7;:G2#d1;CUT;:T-4190:3:V 10 0 137 162 190 108 122 127 133 209 183
Vertex3	#b4;:G#d2;CUT;:T-4190:3:V 10 0 145 160 190 108 122 127 133 210 180
Vertex4	#b3;:G#d3;CUT;:T-4190:3:V 10 0 143 159 190 108 122 127 133 211 179
Vertex5	#b9;:G#d4;CUT;:T-4190:3:V 10 0 141 164 190 108 122 127 133 212 185
Vertex6	#b8;:G#d5;CUT;:T-4190:3:V 10 0 139 163 190 108 122 127 133 213 184
Vertex7	#b7;:G#d6;CUT;:T-4190:3:V 8 0 137 162 198 118 126 214 183
Vertex8	#b5;:G2#d7;CUT;:T-4190:3:V 9 0 147 161 192 118 126 135 215 181
Vertex9	#b4;:G2#d8;CUT;:T-4190:3:V 9 0 145 160 192 118 126 135 216 180
]]>
      </ElementMap>
    </Property>
    <Property name="Suppress" type="App::PropertyBool">
      <Bool value="false"/>
    </Property>
    <Property name="SuppressedShape" type="Part::PropertyPartShape">
      <Part ElementMap="0.15.70200.3" brep="1">
<![CDATA[

CASCADE Topology V1, (c) Matra-Datavision
Locations 0
Curve2ds 0
Curves 0
Polygon3D 0
PolygonOnTriangulations 0
Surfaces 0
Triangulations 0

TShapes 0

*]]>
      </Part>
      <ElementMap/>
    </Property>
    <Property name="TaperAngle" type="App::PropertyAngle">
      <Float value="0"/>
    </Property>
    <Property name="TaperAngleRev" type="App::PropertyAngle">
      <Float value="0"/>
    </Property>
    <Property name="Type" type="App::PropertyEnumeration">
      <Integer value="1"/>
    </Property>
    <Property name="UpToFace" type="App::PropertyLinkSub">
      <LinkSub value="" count="0">
      </LinkSub>
    </Property>
    <Property name="UsePipeForDraft" type="App::PropertyBool">
      <Bool value="false"/>
    </Property>
    <Property name="Visibility" type="App::PropertyBool" status="648">
      <Bool value="false"/>
    </Property>
    <Property name="_ProfileBasedVersion" type="App::PropertyInteger" status="67108864">
      <Integer value="0"/>
    </Property>
    <Property name="_Siblings" type="App::PropertyLinkList" status="218103808">
      <LinkList count="0">
      </LinkList>
    </Property>
  </Properties>
</Object>
</Document>
