<?xml version='1.0' encoding='utf-8'?>
<!-- FreeCAD DocumentObject -->
<Document SchemaVersion="4" FileVersion="2">
<Object name="Pad001">
  <Properties Count="37" TransientCount="2">
    <_Property name="_Body" type="App::PropertyLinkHidden" status="251658241"/>
    <_Property name="_ElementMapVersion" type="App::PropertyString" status="234881024"/>
    <Property name="AddSubShape" type="Part::PropertyPartShape">
      <Part HasherIndex="0" ElementMap="1.15.70200.3.0" brep="1">
<![CDATA[

CASCADE Topology V1, (c) Matra-Datavision
Locations 21
1
              1               0               0               0 
              0               1               0               0 
              0               0               1               0 
1
              0              -0               1               0 
              1               0              -0               0 
             -0               1               0               0 
1
             -0               0               1               0 
              1              -0               0               0 
              0               1              -0               0 
2  1 1 2 1 3 -1 0
1
             -0               0               1               0 
              1              -0               0               0 
              0               1              -0               0 
1
              0              -0               1               0 
              1               0              -0               0 
             -0               1               0               0 
1
              1               0               0               0 
              0               1               0               0 
              0               0               1               0 
2  5 1 6 -1 7 -1 0
1
             -0               0               1               0 
              1              -0               0               0 
              0               1              -0               0 
1
              0              -0               1               0 
              1               0              -0               0 
             -0               1               0               0 
1
              1               0               0               0 
              0               1               0               0 
              0               0               1               0 
2  9 1 10 -1 11 -1 0
1
             -0               0               1               0 
              1              -0               0               0 
              0               1              -0               0 
1
              0              -0               1               0 
              1               0              -0               0 
             -0               1               0               0 
1
              1               0               0               0 
              0               1               0               0 
              0               0               1               0 
2  13 1 14 -1 15 -1 0
1
             -0               0               1               0 
              1              -0               0               0 
              0               1              -0               0 
1
              0              -0               1               0 
              1               0              -0               0 
             -0               1               0               0 
1
              1               0               0               0 
              0               1               0               0 
              0               0               1               0 
2  17 1 18 -1 19 -1 0
2  3 1 2 -1 1 -1 0
Curve2ds 88
7 0 0  1 2 2  -0.1699608677261249 0  5.099102259963078 0 
 0 2 4.9291413922369554 2
7 0 0  1 2 2  -0.1699608677261249 0  5.099102259963078 0 
 0 2 4.9291413922369554 2
7 0 0  1 2 2  -0.1699608677261249 0  5.099102259963078 0 
 0 2 4.9291413922369554 2
1 0 0 1 0 
1 -2.4645706961184737 -2.4656789158387409 1 1.8599999999999999e-15 
1 0 0 1 0 
1 -2.4645706961184755 -2.4630502602781443 1 1.35e-15 
1 4.9291413922369554 0 0 1 
1 0 0 0 1 
7 0 0  1 2 2  2.4645706961184799 -2.4630502602781377  1.8340346074400644 2.463050260278143 
 0 2 1 2
7 0 0  1 2 2  0 1  4.9291413922369554 1 
 0.6305360886784106 2 4.2986053035585448 2
1 -2.4645706961184803 2.4630502602781377 1 1.3299999999999999e-15 
1 0 0 0 1 
1 4.9291413922370788 0 0 1 
7 0 0  1 2 2  -2.4645706961184755 -2.4630502602781448  -1.8340346074400697 2.4630502602781386 
 0 2 1 2
7 0 0  1 2 2  -0.16996086772612393 0  5.0991022599619908 0 
 0 2 4.9291413922370779 2
7 0 0  1 2 2  -0.16996086772612393 0  5.0991022599619908 0 
 0 2 4.9291413922370779 2
7 0 0  1 2 2  -0.16996086772612393 0  5.0991022599619908 0 
 0 2 4.9291413922370779 2
1 0 0 1 0 
1 -2.4645706961146439 -2.4656789158437538 1 2.0356900000000002e-12 
1 0 0 1 0 
1 4.9291413922370779 0 0 1 
1 0 0 0 1 
7 0 0  1 2 2  -2.4645706961188574 -2.4630502602796316  -1.8340346074479152 2.4630502602770319 
 0 2 1 2
7 0 0  1 2 2  0 1  4.9291413922370779 1 
 0.63053608867841104 2 4.2986053035631553 2
7 0 0  1 2 2  -0.16996086772491253 0  5.0991022599645888 0 
 0 2 4.929141392240032 2
7 0 0  1 2 2  -0.16996086772491253 0  5.0991022599645888 0 
 0 2 4.929141392240032 2
7 0 0  1 2 2  -0.16996086772491253 0  5.0991022599645888 0 
 0 2 4.929141392240032 2
1 0 0 1 0 
1 -2.4645706961188667 -2.4656789158402175 1 6.0055e-13 
1 0 0 1 0 
1 -2.4645706961188569 -2.463050260279632 1 6.0497e-13 
1 4.929141392240032 0 0 1 
1 0 0 0 1 
7 0 0  1 2 2  2.4645706961211751 -2.46305026027665  1.8340346074455971 2.4630502602792514 
 0 2 1 2
7 0 0  1 2 2  0 1  4.929141392240032 1 
 0.63053608867392152 2 4.2986053035674336 2
1 -2.4645706961218368 2.4630502602766504 1 6.0499000000000003e-13 
7 0 0  1 2 2  -0.16996086772455724 0  5.0991022599933453 0 
 0 2 4.9291413922629408 2
7 0 0  1 2 2  -0.16996086772455724 0  5.0991022599933453 0 
 0 2 4.9291413922629408 2
7 0 0  1 2 2  -0.16996086772455724 0  5.0991022599933453 0 
 0 2 4.9291413922629408 2
1 0 0 1 0 
1 -2.4645706961502745 -2.4656789158145154 1 -9.8277599999999993e-12 
1 0 0 1 0 
1 4.9291413922629408 0 0 1 
1 0 0 0 1 
7 0 0  1 2 2  -2.464570696102796 -2.4630502603096902  -1.8340346074715668 2.4630502602546631 
 0 2 1 2
7 0 0  1 2 2  0 1  4.9291413922629408 1 
 0.63053608867259925 2 4.2986053035686513 2
7 0 0  1 2 2  -0.16996086773040353 0  5.0991022599774922 0 
 0 2 4.9291413922546425 2
7 0 0  1 2 2  -0.16996086773040353 0  5.0991022599774922 0 
 0 2 4.9291413922546425 2
7 0 0  1 2 2  -0.16996086773040353 0  5.0991022599774922 0 
 0 2 4.9291413922546425 2
1 0 0 1 0 
1 -2.4645706961030314 -2.4656789158700243 1 1.269506e-11 
1 0 0 1 0 
1 -2.4645706961027956 -2.4630502603096902 1 1.2801349999999999e-11 
1 4.9291413922546425 0 0 1 
1 0 0 0 1 
7 0 0  1 2 2  2.464570696151847 -2.4630502602465905  1.8340346074225162 2.4630502603016193 
 0 2 1 2
7 0 0  1 2 2  0 1  4.9291413922546425 1 
 0.63053608869428956 2 4.2986053035883733 2
1 -2.4645706961658571 2.4630502602465909 1 1.2801380000000001e-11 
7 0 0  1 2 2  -0.16996086772285204 0  5.0991022599793183 0 
 0 2 4.9291413922519478 2
7 0 0  1 2 2  -0.16996086772285204 0  5.0991022599793183 0 
 0 2 4.9291413922519478 2
7 0 0  1 2 2  -0.16996086772285204 0  5.0991022599793183 0 
 0 2 4.9291413922519478 2
1 0 0 1 0 
1 -2.4645706961405152 -2.4656789158200056 1 -7.6000099999999992e-12 
1 0 0 1 0 
1 4.9291413922519478 0 0 1 
1 0 0 0 1 
7 0 0  1 2 2  -2.4645706961120335 -2.4630502602884103  -1.834034607449518 2.4630502602704993 
 0 2 1 2
7 0 0  1 2 2  0 1  4.9291413922519478 1 
 0.6305360886662702 2 4.298605303568908 2
7 0 0  1 2 2  -0.16996086772737182 0  5.099102259964944 0 
 0 2 4.929141392240032 2
7 0 0  1 2 2  -0.16996086772737182 0  5.099102259964944 0 
 0 2 4.929141392240032 2
7 0 0  1 2 2  -0.16996086772737182 0  5.099102259964944 0 
 0 2 4.929141392240032 2
1 0 0 1 0 
1 -2.4645706961121112 -2.4656789158489194 1 4.1313500000000002e-12 
1 0 0 1 0 
1 -2.4645706961120335 -2.4630502602884099 1 4.1664699999999997e-12 
1 4.929141392240032 0 0 1 
1 0 0 0 1 
7 0 0  1 2 2  2.4645706961279985 -2.463050260267873  1.8340346074335534 2.4630502602857822 
 0 2 1 2
7 0 0  1 2 2  0 1  4.929141392240032 1 
 0.63053608868304034 2 4.298605303566112 2
1 -2.4645706961325589 2.4630502602678717 1 4.1664600000000004e-12 
7 0 0  1 2 2  -0.16996086772491384 0  5.0991022599632014 0 
 0 2 4.9291413922370788 2
7 0 0  1 2 2  -0.16996086772491384 0  5.0991022599632014 0 
 0 2 4.9291413922370788 2
7 0 0  1 2 2  -0.16996086772491384 0  5.0991022599632014 0 
 0 2 4.9291413922370788 2
1 0 0 1 0 
1 -2.4645706961224305 -2.4656789158337253 1 -2.0334699999999998e-12 
1 0 0 1 0 
7 0 0  1 2 2  0 1  4.9291413922370788 1 
 0.63053608867392164 2 4.2986053035586691 2
Curves 24
1 2.4645706961184772 5.9500000000005082 0 -1 0 0 
7 0 0  1 2 2  -2.4645706961184763 5.95000000000051 -3.1900000000000002e-15  -1.8340346074400689 4.427751223149345 4.6849999999999969 
 0 2 1 2
1 2.4645706961184759 4.4277512231493432 4.6849999999999978 -1 4.4e-16 -2.4e-16 
7 0 0  1 2 2  2.464570696118479 5.9500000000005082 -2.0999999999999998e-15  1.8340346074400653 4.4277512231493432 4.6849999999999978 
 0 2 1 2
1 -2.4645706961184781 5.9500000000005082 0 -0.70710678118591075 -0.70710678118718429 0 
7 0 0  1 2 2  -5.9499999999934774 2.4645706961192348 -2.4199999999999999e-15  -4.4277512231443517 1.8340346074403917 4.6849999999999978 
 0 2 1 2
1 -1.3881782633531234 4.8736075672370927 4.6849999999999969 -0.70710678118591097 -0.70710678118718406 1.5e-16 
1 -5.9499999999934774 2.4645706961192313 0 -3.23368e-12 -1 0 
7 0 0  1 2 2  -5.9500000000094175 -2.4645706961207976 -2.2999999999999999e-16  -4.4277512231562142 -1.8340346074531206 4.6849999999999996 
 0 2 1 2
1 -4.4277512231423133 2.464570696114313 4.6849999999999978 -3.2339000000000002e-12 -1 4.5999999999999998e-16 
1 -5.9500000000094166 -2.4645706961208012 0 0.70710678118028891 -0.70710678119280612 0 
7 0 0  1 2 2  -2.4645706961438432 -5.9500000000480755 2.0999999999999998e-15  -1.8340346074645582 -4.4277512231906933 4.6850000000000005 
 0 2 1 2
1 -4.8736075672355055 -1.3881782633659379 4.6849999999999987 0.7071067811802888 -0.70710678119280646 5.0000000000000004e-16 
1 -2.4645706961438409 -5.9500000000480764 0 1 9.8567099999999995e-12 0 
7 0 0  1 2 2  2.4645706961107998 -5.949999999999493 3.1900000000000002e-15  1.8340346074295248 -4.4277512231545417 4.6850000000000023 
 0 2 1 2
1 -2.4645706961588485 -4.4277512231969096 4.6850000000000014 1 9.8562700000000008e-12 2.4e-16 
1 2.464570696110802 -5.9499999999994913 0 0.70710678118856862 0.70710678118452652 0 
7 0 0  1 2 2  5.9500000000094166 -2.4645706961208038 2.4199999999999999e-15  4.4277512231562106 -1.8340346074426841 4.6850000000000014 
 0 2 1 2
1 1.3881782633494888 -4.8736075672320283 4.6850000000000023 0.70710678118856884 0.7071067811845263 -1.5e-16 
1 5.9500000000094166 -2.4645706961208007 0 -3.23368e-12 1 0 
7 0 0  1 2 2  5.9499999999934783 2.4645706961192282 2.2999999999999999e-16  4.4277512231443499 1.8340346074403873 4.6849999999999996 
 0 2 1 2
1 4.427751223158249 -2.4645706961257248 4.6850000000000014 -3.2334500000000001e-12 1 -4.5999999999999998e-16 
1 5.9499999999934774 2.4645706961192313 0 -0.70710678118591086 0.70710678118718429 0 
1 4.8736075672281203 1.3881782633558128 4.6850000000000005 -0.70710678118591064 0.70710678118718451 -5.0000000000000004e-16 
Polygon3D 0
PolygonOnTriangulations 0
Surfaces 62
1 -3.2999999999999999e-16 5.188875611574927 2.3424999999999976 3.2999999999999999e-16 0.95105651629515364 0.30901699437494728 -1 8.4077830448220209e-16 -1.5197471135440663e-15 -1.7051801800435893e-15 -0.30901699437494728 0.95105651629515364 
9 0 0 0 0 1 1 2 2 2 2 2.464570696118479 5.9500000000005082 -2.0999999999999998e-15  2.6345315638446016 6.3603218319370924 4.6899999999999977  
-2.4645706961184763 5.95000000000051 -3.1900000000000002e-15  -2.6345315638446012 6.3603218319370951 4.6899999999999968  

-0.1699608677261249 2
5.099102259963078 2

0 2
1 2

1 2.464570696118479 5.9500000000005082 -2.0999999999999998e-15 -2.2e-16 4.4e-16 1 -0.38268343236524655 -0.92387953251122179 3.2231663918458337e-16 0.92387953251122179 -0.38268343236524655 3.7163420739317731e-16 
9 0 0 0 0 1 1 2 2 2 2 2.464570696118479 5.9500000000005082 -2.0999999999999998e-15  2.6345315638446016 6.3603218319370924 4.6899999999999977  
-2.4645706961184763 5.95000000000051 -3.1900000000000002e-15  -2.6345315638446012 6.3603218319370951 4.6899999999999968  

-0.1699608677261249 2
5.099102259963078 2

0 2
1 2

1 2.464570696118479 5.9500000000005082 -2.0999999999999998e-15 -2.2e-16 4.4e-16 1 -0.38268343236524655 -0.92387953251122179 3.2231663918458337e-16 0.92387953251122179 -0.38268343236524655 3.7163420739317731e-16 
9 0 0 0 0 1 1 2 2 2 2 2.464570696118479 5.9500000000005082 -2.0999999999999998e-15  2.6345315638446016 6.3603218319370924 4.6899999999999977  
-2.4645706961184763 5.95000000000051 -3.1900000000000002e-15  -2.6345315638446012 6.3603218319370951 4.6899999999999968  

-0.1699608677261249 2
5.099102259963078 2

0 2
1 2

1 2.464570696118479 5.9500000000005082 -2.0999999999999998e-15 -2.2e-16 4.4e-16 1 -0.38268343236524655 -0.92387953251122179 3.2231663918458337e-16 0.92387953251122179 -0.38268343236524655 3.7163420739317731e-16 
9 0 0 0 0 1 1 2 2 2 2 2.464570696118479 5.9500000000005082 -2.0999999999999998e-15  1.8333616767157555 4.4261266246681785 4.6899999999999986  
-2.4645706961184763 5.95000000000051 -3.1900000000000002e-15  -1.8333616767157599 4.4261266246681803 4.6899999999999977  

0 2
4.9291413922369554 2

0 2
1 2

1 2.464570696118479 5.9500000000005082 -2.0999999999999998e-15 -2.2e-16 4.4e-16 1 -0.38268343236524655 -0.92387953251122179 3.2231663918458337e-16 0.92387953251122179 -0.38268343236524655 3.7163420739317731e-16 
1 -5.6000000000000003e-16 5.1880633123343447 2.344999999999998 3.2000000000000002e-16 0.95105651629515364 0.30901699437494717 -1 9.8959885155278509e-16 -2.0101303410316136e-15 -2.2175504221844571e-15 -0.30901699437494717 0.95105651629515364 
9 0 0 0 0 1 1 2 2 2 2 2.464570696118479 5.9500000000005082 -2.0999999999999998e-15  1.8340346074400653 4.4277512231493432 4.6849999999999978  
-2.4645706961184763 5.95000000000051 -3.1900000000000002e-15  -1.8340346074400689 4.427751223149345 4.6849999999999969  

0 2
4.9291413922369554 2

0 2
1 2

1 2.464570696118479 5.9500000000005082 -2.0999999999999998e-15 -2.2e-16 4.4e-16 1 -0.38268343236524655 -0.92387953251122179 3.2231663918458337e-16 0.92387953251122179 -0.38268343236524655 3.7163420739317731e-16 
9 0 0 0 0 1 1 2 2 2 2 -2.4645706961184772 5.95000000000051 -3.1900000000000002e-15  -1.8340346074400689 4.427751223149345 4.6849999999999969  
-5.9499999999934774 2.4645706961192348 -2.4199999999999999e-15  -4.4277512231443517 1.8340346074403917 4.6849999999999978  

0 2
4.9291413922370779 2

0 2
1 2

1 1.8340346074400653 4.4277512231493432 4.6849999999999978 -2e-16 4.8000000000000001e-16 1 -0.38268343236530877 -0.92387953251119614 3.6692548913231242e-16 0.92387953251119614 -0.38268343236530877 3.6846395403758743e-16 
9 0 0 0 0 1 1 2 2 2 2 5.9499999999934792 2.4645706961192291 2.2999999999999999e-16  4.4277512231443499 1.8340346074403868 4.6850000000000005  
2.4645706961184808 5.9500000000005064 -2.0999999999999998e-15  1.8340346074400653 4.4277512231493432 4.6849999999999987  

0 2
4.9291413922370788 2

0 2
1 2

1 -3.6690891316740935 3.6690891316773704 2.3424999999999971 -0.67249851196456278 0.67249851196335209 0.30901699437494701 -0.7071067811863595 -0.70710678118673564 -1.9516610549885623e-12 0.21850801222315588 -0.21850801222566463 0.95105651629515386 
9 0 0 0 0 1 1 2 2 2 2 -2.4645706961184772 5.95000000000051 -3.1900000000000002e-15  -2.6345315638446016 6.3603218319370951 4.6899999999999968  
-5.9499999999934774 2.4645706961192348 -2.4199999999999999e-15  -6.3603218319295127 2.6345315638454756 4.6899999999999977  

-0.16996086772612393 2
5.0991022599619908 2

0 2
1 2

9 0 0 0 0 1 1 2 2 2 2 -2.4645706961184772 5.95000000000051 -3.1900000000000002e-15  -2.6345315638446016 6.3603218319370951 4.6899999999999968  
-5.9499999999934774 2.4645706961192348 -2.4199999999999999e-15  -6.3603218319295127 2.6345315638454756 4.6899999999999977  

-0.16996086772612393 2
5.0991022599619908 2

0 2
1 2

9 0 0 0 0 1 1 2 2 2 2 -2.4645706961184772 5.95000000000051 -3.1900000000000002e-15  -2.6345315638446016 6.3603218319370951 4.6899999999999968  
-5.9499999999934774 2.4645706961192348 -2.4199999999999999e-15  -6.3603218319295127 2.6345315638454756 4.6899999999999977  

-0.16996086772612393 2
5.0991022599619908 2

0 2
1 2

9 0 0 0 0 1 1 2 2 2 2 -2.4645706961184772 5.95000000000051 -3.1900000000000002e-15  -1.833361676715759 4.4261266246681803 4.6899999999999977  
-5.9499999999934774 2.4645706961192348 -2.4199999999999999e-15  -4.4261266246631905 1.833361676716081 4.6899999999999986  

0 2
4.9291413922370779 2

0 2
1 2

1 -3.6685147493727257 3.6685147493760013 2.3449999999999975 -0.67249851196456278 0.6724985119633522 0.3090169943749469 -0.70710678118635595 -0.7071067811867392 -1.9359236436145007e-12 0.21850801222316749 -0.21850801222565286 0.95105651629515386 
9 0 0 0 0 1 1 2 2 2 2 -5.9499999999934774 2.4645706961192344 -2.4199999999999999e-15  -4.4277512231443525 1.8340346074403915 4.6849999999999978  
-5.9500000000094175 -2.4645706961207976 -2.2999999999999999e-16  -4.4277512231562142 -1.8340346074531206 4.6849999999999996  

0 2
4.929141392240032 2

0 2
1 2

1 -5.188875611575865 -3.5731399999999999e-12 2.3424999999999985 -0.95105651629515375 3.0756599999999998e-12 0.30901699437494717 -3.4207526085570787e-12 -1 -5.7494915242842628e-13 0.30901699437494717 -1.6038798275519991e-12 0.95105651629515375 
9 0 0 0 0 1 1 2 2 2 2 -5.9499999999934774 2.4645706961192344 -2.4199999999999999e-15  -6.3603218319295127 2.6345315638454752 4.6899999999999977  
-5.9500000000094175 -2.4645706961207976 -2.2999999999999999e-16  -6.3603218319465524 -2.6345315638440261 4.6900000000000004  

-0.16996086772491253 2
5.0991022599645888 2

0 2
1 2

9 0 0 0 0 1 1 2 2 2 2 -5.9499999999934774 2.4645706961192344 -2.4199999999999999e-15  -6.3603218319295127 2.6345315638454752 4.6899999999999977  
-5.9500000000094175 -2.4645706961207976 -2.2999999999999999e-16  -6.3603218319465524 -2.6345315638440261 4.6900000000000004  

-0.16996086772491253 2
5.0991022599645888 2

0 2
1 2

9 0 0 0 0 1 1 2 2 2 2 -5.9499999999934774 2.4645706961192344 -2.4199999999999999e-15  -6.3603218319295127 2.6345315638454752 4.6899999999999977  
-5.9500000000094175 -2.4645706961207976 -2.2999999999999999e-16  -6.3603218319465524 -2.6345315638440261 4.6900000000000004  

-0.16996086772491253 2
5.0991022599645888 2

0 2
1 2

9 0 0 0 0 1 1 2 2 2 2 -5.9499999999934774 2.4645706961192344 -2.4199999999999999e-15  -4.4261266246631896 1.833361676716081 4.6899999999999986  
-5.9500000000094175 -2.4645706961207976 -2.2999999999999999e-16  -4.4261266246750477 -1.8333616767288232 4.6900000000000004  

0 2
4.929141392240032 2

0 2
1 2

1 -5.1880633123352826 -3.5762499999999998e-12 2.3449999999999989 -0.95105651629515375 3.07574e-12 0.30901699437494712 -3.419463298146184e-12 -1 -5.707221775643059e-13 0.30901699437494712 -1.5994613167352702e-12 0.95105651629515375 
9 0 0 0 0 1 1 2 2 2 2 -5.9500000000094184 -2.4645706961207989 -2.2999999999999999e-16  -4.4277512231562151 -1.8340346074531215 4.6849999999999987  
-2.4645706961438432 -5.9500000000480755 2.0999999999999998e-15  -1.8340346074645582 -4.4277512231906933 4.6850000000000005  

0 2
4.9291413922629408 2

0 2
1 2

1 -3.6690891316935086 -3.6690891317031724 2.3425000000000002 -0.67249851196990995 -0.67249851195800481 0.30901699437494745 0.70710678118245418 -0.70710678119064097 9.4252106119796492e-12 0.21850801221933708 0.21850801222948407 0.95105651629515364 
9 0 0 0 0 1 1 2 2 2 2 -5.9500000000094184 -2.4645706961207989 -2.2999999999999999e-16  -6.3603218319465542 -2.6345315638440265 4.6900000000000004  
-2.4645706961438432 -5.9500000000480755 2.0999999999999998e-15  -2.6345315638702034 -6.3603218319863339 4.6900000000000031  

-0.16996086772455724 2
5.0991022599933453 2

0 2
1 2

9 0 0 0 0 1 1 2 2 2 2 -5.9500000000094184 -2.4645706961207989 -2.2999999999999999e-16  -6.3603218319465542 -2.6345315638440265 4.6900000000000004  
-2.4645706961438432 -5.9500000000480755 2.0999999999999998e-15  -2.6345315638702034 -6.3603218319863339 4.6900000000000031  

-0.16996086772455724 2
5.0991022599933453 2

0 2
1 2

9 0 0 0 0 1 1 2 2 2 2 -5.9500000000094184 -2.4645706961207989 -2.2999999999999999e-16  -6.3603218319465542 -2.6345315638440265 4.6900000000000004  
-2.4645706961438432 -5.9500000000480755 2.0999999999999998e-15  -2.6345315638702034 -6.3603218319863339 4.6900000000000031  

-0.16996086772455724 2
5.0991022599933453 2

0 2
1 2

9 0 0 0 0 1 1 2 2 2 2 -5.9500000000094184 -2.4645706961207989 -2.2999999999999999e-16  -4.4261266246750477 -1.833361676728823 4.6899999999999995  
-2.4645706961438432 -5.9500000000480755 2.0999999999999998e-15  -1.833361676740247 -4.4261266247095223 4.6900000000000013  

0 2
4.9291413922629408 2

0 2
1 2

1 -3.6685147493921395 -3.6685147494018047 2.3450000000000006 -0.67249851196991006 -0.6724985119580047 0.30901699437494745 0.70710678118243597 -0.70710678119065895 9.34727295565096e-12 0.21850801221939506 0.21850801222942606 0.95105651629515364 
9 0 0 0 0 1 1 2 2 2 2 -2.4645706961438427 -5.9500000000480764 2.0999999999999998e-15  -1.834034607464559 -4.427751223190695 4.6850000000000014  
2.4645706961107998 -5.949999999999493 3.1900000000000002e-15  1.8340346074295248 -4.4277512231545417 4.6850000000000023  

0 2
4.9291413922546425 2

0 2
1 2

1 -1.7019269999999998e-11 -5.1888756115982018 2.342500000000002 9.3738500000000001e-12 -0.95105651629515353 0.30901699437494751 1 5.9004816615086079e-12 -1.217460053985687e-11 9.7553840683174848e-12 0.30901699437494751 0.95105651629515353 
9 0 0 0 0 1 1 2 2 2 2 -2.4645706961438427 -5.9500000000480764 2.0999999999999998e-15  -2.6345315638702043 -6.3603218319863339 4.6900000000000031  
2.4645706961107998 -5.949999999999493 3.1900000000000002e-15  2.6345315638376916 -6.3603218319344004 4.6900000000000039  

-0.16996086773040353 2
5.0991022599774922 2

0 2
1 2

9 0 0 0 0 1 1 2 2 2 2 -2.4645706961438427 -5.9500000000480764 2.0999999999999998e-15  -2.6345315638702043 -6.3603218319863339 4.6900000000000031  
2.4645706961107998 -5.949999999999493 3.1900000000000002e-15  2.6345315638376916 -6.3603218319344004 4.6900000000000039  

-0.16996086773040353 2
5.0991022599774922 2

0 2
1 2

9 0 0 0 0 1 1 2 2 2 2 -2.4645706961438427 -5.9500000000480764 2.0999999999999998e-15  -2.6345315638702043 -6.3603218319863339 4.6900000000000031  
2.4645706961107998 -5.949999999999493 3.1900000000000002e-15  2.6345315638376916 -6.3603218319344004 4.6900000000000039  

-0.16996086773040353 2
5.0991022599774922 2

0 2
1 2

9 0 0 0 0 1 1 2 2 2 2 -2.4645706961438427 -5.9500000000480764 2.0999999999999998e-15  -1.8333616767402483 -4.4261266247095232 4.6900000000000022  
2.4645706961107998 -5.949999999999493 3.1900000000000002e-15  1.8333616767052123 -4.4261266246733832 4.6900000000000031  

0 2
4.9291413922546425 2

0 2
1 2

1 -1.701972e-11 -5.1880633123576194 2.3450000000000024 9.3738400000000008e-12 -0.95105651629515353 0.30901699437494762 1 5.9333176974729308e-12 -1.2073509251863605e-11 9.6490936469899355e-12 0.30901699437494762 0.95105651629515353 
9 0 0 0 0 1 1 2 2 2 2 2.4645706961108012 -5.949999999999493 3.1900000000000002e-15  1.8340346074295253 -4.4277512231545408 4.6850000000000023  
5.9500000000094166 -2.4645706961208038 2.4199999999999999e-15  4.4277512231562106 -1.8340346074426841 4.6850000000000014  

0 2
4.9291413922519478 2

0 2
1 2

1 3.6690891316764884 -3.6690891316793803 2.3425000000000025 0.67249851196203492 -0.67249851196587973 0.30901699437494778 0.70710678118689452 0.70710678118620074 7.288170067454301e-12 -0.21850801222920485 0.21850801221961669 0.95105651629515342 
9 0 0 0 0 1 1 2 2 2 2 2.4645706961108012 -5.949999999999493 3.1900000000000002e-15  2.6345315638376929 -6.3603218319344021 4.6900000000000039  
5.9500000000094166 -2.4645706961208038 2.4199999999999999e-15  6.360321831946548 -2.6345315638468474 4.6900000000000031  

-0.16996086772285204 2
5.0991022599793183 2

0 2
1 2

9 0 0 0 0 1 1 2 2 2 2 2.4645706961108012 -5.949999999999493 3.1900000000000002e-15  2.6345315638376929 -6.3603218319344021 4.6900000000000039  
5.9500000000094166 -2.4645706961208038 2.4199999999999999e-15  6.360321831946548 -2.6345315638468474 4.6900000000000031  

-0.16996086772285204 2
5.0991022599793183 2

0 2
1 2

9 0 0 0 0 1 1 2 2 2 2 2.4645706961108012 -5.949999999999493 3.1900000000000002e-15  2.6345315638376929 -6.3603218319344021 4.6900000000000039  
5.9500000000094166 -2.4645706961208038 2.4199999999999999e-15  6.360321831946548 -2.6345315638468474 4.6900000000000031  

-0.16996086772285204 2
5.0991022599793183 2

0 2
1 2

9 0 0 0 0 1 1 2 2 2 2 2.4645706961108012 -5.949999999999493 3.1900000000000002e-15  1.8333616767052123 -4.4261266246733832 4.6900000000000031  
5.9500000000094166 -2.4645706961208038 2.4199999999999999e-15  4.4261266246750433 -1.8333616767183747 4.6900000000000022  

0 2
4.9291413922519478 2

0 2
1 2

1 3.6685147493751185 -3.6685147493780139 2.3450000000000029 0.67249851196203514 -0.67249851196587951 0.30901699437494778 0.70710678118690806 0.70710678118618719 7.2278294460659238e-12 -0.21850801222916008 0.21850801221966146 0.95105651629515342 
9 0 0 0 0 1 1 2 2 2 2 5.9500000000094166 -2.4645706961208038 2.4199999999999999e-15  4.4277512231562106 -1.8340346074426845 4.6850000000000014  
5.9499999999934783 2.4645706961192282 2.2999999999999999e-16  4.4277512231443499 1.8340346074403873 4.6849999999999996  

0 2
4.929141392240032 2

0 2
1 2

1 5.1888756115758632 -9.6823000000000001e-13 2.3425000000000011 0.95105651629515353 3.0753700000000001e-12 0.30901699437494778 -1.9459778008291812e-12 1 -3.9630025346430484e-12 -0.30901699437494778 3.1676991735338767e-12 0.95105651629515353 
9 0 0 0 0 1 1 2 2 2 2 5.9500000000094166 -2.4645706961208038 2.4199999999999999e-15  6.360321831946548 -2.6345315638468474 4.6900000000000031  
5.9499999999934783 2.4645706961192282 2.2999999999999999e-16  6.3603218319295101 2.6345315638454685 4.6900000000000004  

-0.16996086772737182 2
5.099102259964944 2

0 2
1 2

9 0 0 0 0 1 1 2 2 2 2 5.9500000000094166 -2.4645706961208038 2.4199999999999999e-15  6.360321831946548 -2.6345315638468474 4.6900000000000031  
5.9499999999934783 2.4645706961192282 2.2999999999999999e-16  6.3603218319295101 2.6345315638454685 4.6900000000000004  

-0.16996086772737182 2
5.099102259964944 2

0 2
1 2

9 0 0 0 0 1 1 2 2 2 2 5.9500000000094166 -2.4645706961208038 2.4199999999999999e-15  6.360321831946548 -2.6345315638468474 4.6900000000000031  
5.9499999999934783 2.4645706961192282 2.2999999999999999e-16  6.3603218319295101 2.6345315638454685 4.6900000000000004  

-0.16996086772737182 2
5.099102259964944 2

0 2
1 2

9 0 0 0 0 1 1 2 2 2 2 5.9500000000094166 -2.4645706961208038 2.4199999999999999e-15  4.4261266246750433 -1.8333616767183747 4.6900000000000022  
5.9499999999934783 2.4645706961192282 2.2999999999999999e-16  4.426126624663187 1.8333616767160761 4.6900000000000004  

0 2
4.929141392240032 2

0 2
1 2

1 5.1880633123352817 -9.6856000000000007e-13 2.3450000000000015 0.95105651629515353 3.0753499999999998e-12 0.30901699437494784 -1.9568108762176556e-12 1 -3.9295970355034114e-12 -0.30901699437494784 3.1325810515006496e-12 0.95105651629515353 
1 3.6690891316740935 3.6690891316773664 2.3424999999999994 0.6724985119645629 0.67249851196335186 0.30901699437494762 -0.70710678118635861 0.70710678118673631 1.9490520308806928e-12 -0.21850801222315827 -0.21850801222566302 0.95105651629515353 
9 0 0 0 0 1 1 2 2 2 2 5.9499999999934792 2.4645706961192291 2.2999999999999999e-16  6.3603218319295118 2.6345315638454698 4.6900000000000004  
2.4645706961184808 5.9500000000005064 -2.0999999999999998e-15  2.6345315638446016 6.3603218319370924 4.6899999999999977  

-0.16996086772491384 2
5.0991022599632014 2

0 2
1 2

9 0 0 0 0 1 1 2 2 2 2 5.9499999999934792 2.4645706961192291 2.2999999999999999e-16  6.3603218319295118 2.6345315638454698 4.6900000000000004  
2.4645706961184808 5.9500000000005064 -2.0999999999999998e-15  2.6345315638446016 6.3603218319370924 4.6899999999999977  

-0.16996086772491384 2
5.0991022599632014 2

0 2
1 2

9 0 0 0 0 1 1 2 2 2 2 5.9499999999934792 2.4645706961192291 2.2999999999999999e-16  6.3603218319295118 2.6345315638454698 4.6900000000000004  
2.4645706961184808 5.9500000000005064 -2.0999999999999998e-15  2.6345315638446016 6.3603218319370924 4.6899999999999977  

-0.16996086772491384 2
5.0991022599632014 2

0 2
1 2

9 0 0 0 0 1 1 2 2 2 2 5.9499999999934792 2.4645706961192291 2.2999999999999999e-16  4.4261266246631878 1.8333616767160765 4.6900000000000013  
2.4645706961184808 5.9500000000005064 -2.0999999999999998e-15  1.8333616767157559 4.4261266246681785 4.6899999999999995  

0 2
4.9291413922370788 2

0 2
1 2

1 3.6685147493727257 3.6685147493759978 2.3449999999999998 0.67249851196456301 0.67249851196335175 0.30901699437494745 -0.70710678118635495 0.70710678118674009 1.9334533973847093e-12 -0.21850801222316982 -0.21850801222565128 0.95105651629515364 
Triangulations 0

TShapes 62
Ve
1e-07
2.46457069611848 5.95000000000051 0
0 0

0101101
*
Ve
1e-07
-2.46457069611848 5.95000000000051 0
0 0

0101101
*
Ed
 1e-07 1 1 0
1  1 0 0 4.92914139223696
2  1 2 8 0 4.92914139223696
4 C0 2 8 3 8
2  2 4 12 0 4.92914139223696
4 C0 4 12 5 12
2  3 6 16 0 4.92914139223696
4 C0 6 16 7 16
2  4 8 20 0 4.92914139223696
4 C0 8 20 9 20
2  5 10 20 0 4.92914139223696
2  6 11 21 0 4.92914139223696
4 C0 11 21 12 21
2  7 1 21 0 4.92914139223696
0

0101000
+62 0 -61 0 *
Ve
1e-07
-1.83403460744007 4.42775122314934 4.685
0 0

0101101
*
Ed
 1e-07 1 1 0
1  2 0 0 1
2  8 11 0 0 1
2  9 13 0 0 1
4 C0 11 0 13 0
2  10 1 0 0 1
0

0101000
+61 4 -59 0 *
Ve
1e-07
1.83403460744007 4.42775122314934 4.685
0 0

0101101
*
Ed
 1e-07 1 1 0
1  3 0 0.630536088678411 4.29860530355854
2  11 11 0 0.630536088678411 4.29860530355854
4 C0 11 0 14 0
2  12 1 0 0.630536088678411 4.29860530355854
0

0101000
+57 0 -59 0 *
Ed
 1e-07 1 1 0
1  4 0 0 1
2  13 11 0 0 1
2  14 15 0 0 1
4 C0 11 0 15 0
2  15 1 0 0 1
0

0101000
+62 4 -57 0 *
Wi

0101000
+60 4 +58 0 -56 0 -55 0 *
Fa
0  1e-07 1 0

0111000
+54 0 *
Ve
1e-07
-5.94999999999348 2.46457069611923 0
0 0

0101101
*
Ed
 1e-07 1 1 0
1  5 0 0 4.92914139223708
2  16 17 8 0 4.92914139223708
4 C0 17 8 3 8
2  17 18 12 0 4.92914139223708
4 C0 18 12 5 12
2  18 19 16 0 4.92914139223708
4 C0 19 16 7 16
2  19 20 20 0 4.92914139223708
4 C0 20 20 9 20
2  20 21 20 0 4.92914139223708
2  21 13 21 0 4.92914139223708
4 C0 13 21 12 21
0

0101000
+61 0 -52 0 *
Ve
1e-07
-4.42775122314435 1.83403460744039 4.685
0 0

0101101
*
Ed
 1e-07 1 1 0
1  6 0 0 1
2  22 13 0 0 1
2  23 22 0 0 1
4 C0 13 0 22 0
2  24 23 0 0 1
0

0101000
+52 4 -50 0 *
Ed
 1e-07 1 1 0
1  7 0 0.630536088678411 4.29860530356316
2  25 13 0 0.630536088678411 4.29860530356316
4 C0 13 0 14 0
0

0101000
+59 0 -50 0 *
Wi

0101000
+51 4 +49 0 -48 0 -58 0 *
Fa
0  1e-07 16 0

0111000
+47 0 *
Ve
1e-07
-5.95000000000942 -2.4645706961208 0
0 0

0101101
*
Ed
 1e-07 1 1 0
1  8 0 0 4.92914139224003
2  26 24 8 0 4.92914139224003
4 C0 24 8 3 8
2  27 25 12 0 4.92914139224003
4 C0 25 12 5 12
2  28 26 16 0 4.92914139224003
4 C0 26 16 7 16
2  29 27 20 0 4.92914139224003
4 C0 27 20 9 20
2  30 28 20 0 4.92914139224003
2  31 22 21 0 4.92914139224003
4 C0 22 21 12 21
2  32 23 21 0 4.92914139224003
0

0101000
+52 0 -45 0 *
Ve
1e-07
-4.42775122315621 -1.83403460745312 4.685
0 0

0101101
*
Ed
 1e-07 1 1 0
1  9 0 0 1
2  33 22 0 0 1
2  34 29 0 0 1
4 C0 22 0 29 0
2  35 23 0 0 1
0

0101000
+45 4 -43 0 *
Ed
 1e-07 1 1 0
1  10 0 0.630536088673922 4.29860530356743
2  36 22 0 0.630536088673922 4.29860530356743
4 C0 22 0 14 0
2  37 23 0 0.630536088673922 4.29860530356743
0

0101000
+50 0 -43 0 *
Wi

0101000
+44 4 +42 0 -41 0 -49 0 *
Fa
0  1e-07 23 0

0111000
+40 0 *
Ve
1e-07
-2.46457069614384 -5.95000000004808 0
0 0

0101101
*
Ed
 1e-07 1 1 0
1  11 0 0 4.92914139226294
2  38 31 8 0 4.92914139226294
4 C0 31 8 3 8
2  39 32 12 0 4.92914139226294
4 C0 32 12 5 12
2  40 33 16 0 4.92914139226294
4 C0 33 16 7 16
2  41 34 20 0 4.92914139226294
4 C0 34 20 9 20
2  42 35 20 0 4.92914139226294
2  43 29 21 0 4.92914139226294
4 C0 29 21 12 21
0

0101000
+45 0 -38 0 *
Ve
1e-07
-1.83403460746456 -4.42775122319069 4.685
0 0

0101101
*
Ed
 1e-07 1 1 0
1  12 0 0 1
2  44 29 0 0 1
2  45 36 0 0 1
4 C0 29 0 36 0
2  46 37 0 0 1
0

0101000
+38 4 -36 0 *
Ed
 1e-07 1 1 0
1  13 0 0.630536088672599 4.29860530356865
2  47 29 0 0.630536088672599 4.29860530356865
4 C0 29 0 14 0
0

0101000
+43 0 -36 0 *
Wi

0101000
+37 4 +35 0 -34 0 -42 0 *
Fa
0  1e-07 30 0

0111000
+33 0 *
Ve
1e-07
2.4645706961108 -5.94999999999949 0
0 0

0101101
*
Ed
 1e-07 1 1 0
1  14 0 0 4.92914139225464
2  48 38 8 0 4.92914139225464
4 C0 38 8 3 8
2  49 39 12 0 4.92914139225464
4 C0 39 12 5 12
2  50 40 16 0 4.92914139225464
4 C0 40 16 7 16
2  51 41 20 0 4.92914139225464
4 C0 41 20 9 20
2  52 42 20 0 4.92914139225464
2  53 36 21 0 4.92914139225464
4 C0 36 21 12 21
2  54 37 21 0 4.92914139225464
0

0101000
+38 0 -31 0 *
Ve
1e-07
1.83403460742953 -4.42775122315454 4.685
0 0

0101101
*
Ed
 1e-07 1 1 0
1  15 0 0 1
2  55 36 0 0 1
2  56 43 0 0 1
4 C0 36 0 43 0
2  57 37 0 0 1
0

0101000
+31 4 -29 0 *
Ed
 1e-07 1 1 0
1  16 0 0.63053608869429 4.29860530358837
2  58 36 0 0.63053608869429 4.29860530358837
4 C0 36 0 14 0
2  59 37 0 0.63053608869429 4.29860530358837
0

0101000
+36 0 -29 0 *
Wi

0101000
+30 4 +28 0 -27 0 -35 0 *
Fa
0  1e-07 37 0

0111000
+26 0 *
Ve
1e-07
5.95000000000942 -2.4645706961208 0
0 0

0101101
*
Ed
 1e-07 1 1 0
1  17 0 0 4.92914139225195
2  60 45 8 0 4.92914139225195
4 C0 45 8 3 8
2  61 46 12 0 4.92914139225195
4 C0 46 12 5 12
2  62 47 16 0 4.92914139225195
4 C0 47 16 7 16
2  63 48 20 0 4.92914139225195
4 C0 48 20 9 20
2  64 49 20 0 4.92914139225195
2  65 43 21 0 4.92914139225195
4 C0 43 21 12 21
0

0101000
+31 0 -24 0 *
Ve
1e-07
4.42775122315621 -1.83403460744268 4.685
0 0

0101101
*
Ed
 1e-07 1 1 0
1  18 0 0 1
2  66 43 0 0 1
2  67 50 0 0 1
4 C0 43 0 50 0
2  68 51 0 0 1
0

0101000
+24 4 -22 0 *
Ed
 1e-07 1 1 0
1  19 0 0.63053608866627 4.29860530356891
2  69 43 0 0.63053608866627 4.29860530356891
4 C0 43 0 14 0
0

0101000
+29 0 -22 0 *
Wi

0101000
+23 4 +21 0 -20 0 -28 0 *
Fa
0  1e-07 44 0

0111000
+19 0 *
Ve
1e-07
5.94999999999348 2.46457069611923 0
0 0

0101101
*
Ed
 1e-07 1 1 0
1  20 0 0 4.92914139224003
2  70 52 8 0 4.92914139224003
4 C0 52 8 3 8
2  71 53 12 0 4.92914139224003
4 C0 53 12 5 12
2  72 54 16 0 4.92914139224003
4 C0 54 16 7 16
2  73 55 20 0 4.92914139224003
4 C0 55 20 9 20
2  74 56 20 0 4.92914139224003
2  75 50 21 0 4.92914139224003
4 C0 50 21 12 21
2  76 51 21 0 4.92914139224003
0

0101000
+24 0 -17 0 *
Ve
1e-07
4.42775122314435 1.83403460744039 4.685
0 0

0101101
*
Ed
 1e-07 1 1 0
1  21 0 0 1
2  77 50 0 0 1
2  78 15 0 0 1
4 C0 50 0 15 0
2  79 51 0 0 1
0

0101000
+17 4 -15 0 *
Ed
 1e-07 1 1 0
1  22 0 0.63053608868304 4.29860530356611
2  80 50 0 0.63053608868304 4.29860530356611
4 C0 50 0 14 0
2  81 51 0 0.63053608868304 4.29860530356611
0

0101000
+22 0 -15 0 *
Wi

0101000
+16 4 +14 0 -13 0 -21 0 *
Fa
0  1e-07 51 0

0111000
+12 0 *
Ed
 1e-07 1 1 0
1  23 0 0 4.92914139223708
2  82 58 8 0 4.92914139223708
4 C0 58 8 3 8
2  83 59 12 0 4.92914139223708
4 C0 59 12 5 12
2  84 60 16 0 4.92914139223708
4 C0 60 16 7 16
2  85 61 20 0 4.92914139223708
4 C0 61 20 9 20
2  86 62 20 0 4.92914139223708
2  87 15 21 0 4.92914139223708
4 C0 15 21 12 21
0

0101000
+17 0 -62 0 *
Ed
 1e-07 1 1 0
1  24 0 0.630536088673922 4.29860530355867
2  88 15 0 0.630536088673922 4.29860530355867
4 C0 15 0 14 0
0

0101000
+15 0 -57 0 *
Wi

0101000
+10 4 +55 0 -9 0 -14 0 *
Fa
0  1e-07 57 0

0111000
+8 0 *
Wi

0101100
+60 4 +51 4 +44 4 +37 4 +30 4 +23 4 +16 4 +10 4 *
Fa
0  1e-07 12 0

0111000
+6 0 *
Wi

0101100
+56 0 +48 0 +41 0 +34 0 +27 0 +20 0 +13 0 +9 0 *
Fa
0  1e-07 14 0

0111000
+4 0 *
Sh

0101100
+53 0 +46 0 +39 0 +32 0 +25 0 +18 0 +11 0 +7 0 -5 0 +3 0 
*
So

1100100
+2 0 *

+1 0 ]]>
      </Part>
      <ElementMap count="58">
<![CDATA[
Edge1	#b;:T1312:2:E 1 11
Edge10	#105;:G;OFF;:T1312:4:E 3 13 154 261
Edge11	#e;:T1312:2:E 1 14
Edge12	#91;:G#113;TRU;:T1312:3:E 8 4 274 14 155 262 270 275 145
Edge13	#106;:G;OFF;:T1312:4:E 3 14 155 262
Edge14	#17;:T1312:3:E 1 23
Edge15	#92;:G#115;TRU;:T1312:3:E 8 17 276 23 156 263 271 277 146
Edge16	#107;:G;OFF;:T1312:4:E 3 23 156 263
Edge17	#18;:T1312:3:E 1 24
Edge18	#93;:G#117;TRU;:T1312:3:E 8 19 278 24 157 264 272 279 147
Edge19	#108;:G;OFF;:T1312:4:E 3 24 157 264
Edge2	#94;:G#119;TRU;:T1312:3:E 8 5 280 11 143 259 267 281 148
Edge20	#19;:T1312:3:E 1 25
Edge21	#95;:G#11b;TRU;:T1312:3:E 8 21 282 25 158 265 273 283 149
Edge22	#109;:G;OFF;:T1312:4:E 3 25 158 265
Edge23	#1a;:T1312:3:E 1 26
Edge24	#10a;:G;OFF;:T1312:4:E 3 26 159 266
Edge3	#103;:G;OFF;:T1312:4:E 3 11 143 259
Edge4	#90;:G#11d;TRU;:T1312:3:E 8 3 284 11 143 259 267 285 144
Edge5	#c;:T1312:2:E 1 12
Edge6	#96;:G#11f;TRU;:T1312:3:E 8 7 286 12 153 260 268 287 150
Edge7	#104;:G;OFF;:T1312:4:E 3 12 153 260
Edge8	#d;:T1312:2:E 1 13
Edge9	#97;:G#121;TRU;:T1312:3:E 8 9 288 13 154 261 269 289 151
Face1	#8f;:G#122;TRU;:T1312:3:F 7 11 267 11 143 259 290 143
Face10	#10b;:L#12c;TRU;:T1312:4:F 26 11 143 259 12 153 260 13 154 261 14 155 262 23 156 263 24 157 264 25 158 265 26 159 266 300 267
Face2	#99;:G#123;TRU;:T1312:3:F 7 12 268 12 153 260 291 153
Face3	#9a;:G#124;TRU;:T1312:3:F 7 13 269 13 154 261 292 154
Face4	#9b;:G#125;TRU;:T1312:3:F 7 14 270 14 155 262 293 155
Face5	#9c;:G#126;TRU;:T1312:3:F 7 23 271 23 156 263 294 156
Face6	#9d;:G#127;TRU;:T1312:3:F 7 24 272 24 157 264 295 157
Face7	#9e;:G#128;TRU;:T1312:3:F 7 25 273 25 158 265 296 158
Face8	#9f;:G#12a;TRU;:T1312:3:F 7 26 297 26 159 266 298 159
Face9	#8f;:L#12b;TRU;:T1312:3:F 10 11 12 13 14 23 24 25 26 299 143
Vertex1	#10;:T1312:3:V 1 16
Vertex1	#3;:T1312:2:V 1 3
Vertex10	#10e;:U2;OFF;:T1312:4:V 4 14 155 262 270
Vertex11	#11;:T1312:3:V 1 17
Vertex11	#12;:T1312:3:V 1 18
Vertex12	#10f;:U2;OFF;:T1312:4:V 4 23 156 263 271
Vertex13	#13;:T1312:3:V 1 19
Vertex13	#14;:T1312:3:V 1 20
Vertex14	#110;:U2;OFF;:T1312:4:V 4 24 157 264 272
Vertex15	#15;:T1312:3:V 1 21
Vertex15	#16;:T1312:3:V 1 22
Vertex16	#111;:U2;OFF;:T1312:4:V 4 25 158 265 273
Vertex2	#5;:T1312:2:V 1 5
Vertex2	#6;:T1312:2:V 1 6
Vertex3	#10b;:U2;OFF;:T1312:4:V 4 11 143 259 267
Vertex4	#10b;:U;OFF;:T1312:4:V 4 11 143 259 267
Vertex5	#7;:T1312:2:V 1 7
Vertex5	#8;:T1312:2:V 1 8
Vertex6	#10c;:U2;OFF;:T1312:4:V 4 12 153 260 268
Vertex7	#9;:T1312:2:V 1 9
Vertex7	#a;:T1312:2:V 1 10
Vertex8	#10d;:U2;OFF;:T1312:4:V 4 13 154 261 269
Vertex9	#4;:T1312:2:V 1 4
Vertex9	#f;:T1312:2:V 1 15
]]>
      </ElementMap>
    </Property>
    <Property name="AllowMultiFace" type="App::PropertyBool">
      <Bool value="true"/>
    </Property>
    <Property name="BaseFeature" type="App::PropertyLink" status="8">
      <Link value=""/>
    </Property>
    <Property name="ClaimChildren" type="App::PropertyBool" status="134217728">
      <Bool value="false"/>
    </Property>
    <Property name="ColoredElements" type="App::PropertyLinkSubHidden" status="218103808">
      <LinkSub value="" count="0">
      </LinkSub>
    </Property>
    <Property name="Direction" type="App::PropertyVector">
      <PropertyVector valueX="1" valueY="1" valueZ="1"/>
    </Property>
    <Property name="ExpressionEngine" type="App::PropertyExpressionEngine" status="67108864">
      <ExpressionEngine count="1" cdata="1">
        <Expressions><![CDATA[
0:TaperAngle
0:-18
0:

]]>
        </Expressions>
      </ExpressionEngine>
    </Property>
    <Property name="Fit" type="App::PropertyDistance">
      <Float value="0"/>
    </Property>
    <Property name="FitJoin" type="App::PropertyEnumeration">
      <Integer value="0"/>
    </Property>
    <Property name="InnerFit" type="App::PropertyDistance">
      <Float value="0"/>
    </Property>
    <Property name="InnerFitJoin" type="App::PropertyEnumeration">
      <Integer value="0"/>
    </Property>
