<?xml version='1.0' encoding='utf-8'?>
<!-- FreeCAD DocumentObject -->
<Document SchemaVersion="4" FileVersion="2">
<Object name="Pocket">
  <Properties Count="35" TransientCount="2">
    <_Property name="_Body" type="App::PropertyLinkHidden" status="251658241"/>
    <_Property name="_ElementMapVersion" type="App::PropertyString" status="234881024"/>
    <Property name="AddSubShape" type="Part::PropertyPartShape">
      <Part HasherIndex="0" ElementMap="1.15.70200.3.0" brep="1">
<![CDATA[

CASCADE Topology V1, (c) Matra-Datavision
Locations 36
1
              1               0               0               0 
              0               1               0               0 
              0               0               1               0 
1
              1               0               0               0 
              0               1               0               0 
              0               0               1               0 
1
             -0               0               1               0 
              1              -0               0               0 
              0               1              -0               0 
1
              1               0               0              -0 
              0               1               0 17.6437843566548 
              0               0               1          -4e-15 
2  1 1 2 1 3 -1 4 1 0
1
              1               0               0               0 
              0               1               0 -35.2875687133096 
              0               0               1           8e-15 
2  1 1 2 1 3 -1 4 1 6 1 0
1
             -0               0               1               0 
              1              -0               0               0 
              0               1              -0               0 
1
              1               0               0               0 
              0               1               0               0 
              0               0               1               0 
2  8 1 9 -1 1 -1 0
1
              1               0               0               0 
              0               1               0              -5 
              0               0               1           1e-15 
2  11 -1 8 1 9 -1 1 -1 0
2  9 -1 1 -1 0
1
             -0               0               1               0 
              1              -0               0               0 
              0               1              -0               0 
1
              1               0               0               0 
              0               1               0               0 
              0               0               1               0 
2  14 1 15 -1 1 -1 0
1
              1               0               0               0 
              0               1               0 -35.2902787527465 
              0               0               1           8e-15 
2  17 -1 14 1 15 -1 1 -1 0
1
              1               0               0              -0 
              0               1               0 17.6451393763732 
              0               0               1          -4e-15 
1
             -0               0               1               0 
              1              -0               0               0 
              0               1              -0               0 
1
              1               0               0               0 
              0               1               0               0 
              0               0               1               0 
2  19 -1 20 1 21 -1 1 -1 0
1
              1               0               0               0 
              0               1               0 -35.2902787527465 
              0               0               1           8e-15 
2  23 -1 19 -1 20 1 21 -1 1 -1 0
1
              1               0               0              -0 
              0               1               0 17.6451393763732 
              0               0               1          -4e-15 
1
             -0               0               1               0 
              1              -0               0               0 
              0               1              -0               0 
1
              1               0               0               0 
              0               1               0               0 
              0               0               1               0 
2  25 -1 26 1 27 -1 1 -1 0
1
              1               0               0               0 
              0               1               0 -35.2902787527465 
              0               0               1           8e-15 
2  29 -1 25 -1 26 1 27 -1 1 -1 0
2  27 -1 1 -1 0
2  4 -1 3 1 2 -1 1 -1 0
2  6 -1 4 -1 3 1 2 -1 1 -1 0
2  3 -1 4 1 0
2  1 1 2 1 0
2  3 -1 4 1 6 1 0
Curve2ds 14
1 0 0 0 -1 
1 6.2831853071795862 0 0 -1 
1 0 0 1 0 
1 0 -5 1 0 
2 -2.2e-16 -8.9999999999999996e-17 1 0 -0 1 1
1 0 0 1 0 
1 0 -35.290278752746453 1 0 
1 0 0 1 0 
1 0 -35.290278752746453 1 0 
1 0 0 1 0 
1 0 -35.290278752746453 1 0 
2 -2.2e-16 -8.9999999999999996e-17 1 0 -0 1 1
1 0 0 1 0 
1 0 -35.287568713309618 1 0 
Curves 2
1 -5.6999999999999999e-16 17.643784356654809 2.5679999999999965 0 -1 2.2e-16 
2 1.5680000000000001 0 0 0 0 1 1 0 -0 -0 1 0 1
Polygon3D 0
PolygonOnTriangulations 0
Surfaces 8
2 -3.5000000000000002e-16 17.643784356654809 1.5679999999999965 2.2e-16 1 0 -2.2e-16 4.8400000000000002e-32 1 1 -2.2e-16 2.2e-16 1
2 -3.5000000000000002e-16 0 1.5680000000000005 2.2e-16 1 0 -2.2e-16 4.8400000000000002e-32 1 1 -2.2e-16 2.2e-16 1
1 1.5680000000000003 8.9999999999999996e-17 0 0 0 1 1 0 -0 -0 1 0 
2 -3.5000000000000002e-16 0 1.5680000000000005 2.2e-16 1 0 -2.2e-16 4.8400000000000002e-32 1 1 -2.2e-16 2.2e-16 1
2 -3.5000000000000002e-16 17.645139376373226 1.5679999999999965 2.2e-16 1 0 -2.2e-16 4.8400000000000002e-32 1 1 -2.2e-16 2.2e-16 1
2 -3.5000000000000002e-16 17.645139376373226 1.5679999999999965 2.2e-16 1 0 -2.2e-16 4.8400000000000002e-32 1 1 -2.2e-16 2.2e-16 1
1 1.5680000000000003 8.9999999999999996e-17 0 0 0 1 1 0 -0 -0 1 0 
1 1.5680000000000003 8.9999999999999996e-17 0 0 0 1 1 0 -0 -0 1 0 
Triangulations 0

TShapes 9
Ve
1e-07
2.568 0 0
0 0

0101101
*
Ed
 1e-07 1 1 0
1  1 0 0 35.2875687133096
3  1 2CN 1 0 0 35.2875687133096
0

0101000
+9 5 -9 7 *
Ed
 1e-07 1 1 0
1  2 0 0 6.28318530717959
2  3 2 10 0 6.28318530717959
2  4 2 12 0 6.28318530717959
2  5 3 13 0 6.28318530717959
2  6 4 16 0 6.28318530717959
2  7 4 18 0 6.28318530717959
2  8 5 22 0 6.28318530717959
2  9 5 24 0 6.28318530717959
2  10 6 28 0 6.28318530717959
2  11 6 30 0 6.28318530717959
2  12 7 31 0 6.28318530717959
2  13 1 32 0 6.28318530717959
2  14 1 33 0 6.28318530717959
0

0101000
+9 0 -9 0 *
Wi

0101100
+8 0 -8 0 -7 5 +7 7 *
Fa
0  1e-07 1 0

0111000
+6 0 *
Wi

0101100
+7 0 *
Fa
0  1e-07 8 0

0111000
+4 35 *
Sh

0101100
+5 0 +3 34 -3 36 *
So

0100000
+2 0 *

+1 0 ]]>
      </Part>
      <ElementMap count="8">
<![CDATA[
Edge1	#19c;:G;XTR;:T1355:4:E 2 3 412
Edge2	#b;:T1355:2:E 1 11
Edge3	#19e;:U;XTR;:T1355:4:E 3 11 411 414
Face1	#19b;:G;XTR;:T1355:4:F 2 11 411
Face2	#19b;FAC;:T1355:4:F 1 411
Face3	#19d;:G0;XTR;:T1355:4:F 2 411 413
Vertex1	#3;:T1355:2:V 1 3
Vertex2	#19f;:U;XTR;:T1355:4:V 3 3 412 415
]]>
      </ElementMap>
    </Property>
    <Property name="AllowMultiFace" type="App::PropertyBool">
      <Bool value="true"/>
    </Property>
    <Property name="BaseFeature" type="App::PropertyLink" status="8">
      <Link value="Pad001"/>
    </Property>
    <Property name="ClaimChildren" type="App::PropertyBool" status="134217728">
      <Bool value="false"/>
    </Property>
    <Property name="ColoredElements" type="App::PropertyLinkSubHidden" status="218103808">
      <LinkSub value="" count="0">
      </LinkSub>
    </Property>
    <Property name="ExpressionEngine" type="App::PropertyExpressionEngine" status="67108864">
      <ExpressionEngine count="0"></ExpressionEngine>
    </Property>
    <Property name="Fit" type="App::PropertyDistance">
      <Float value="0"/>
    </Property>
    <Property name="FitJoin" type="App::PropertyEnumeration">
      <Integer value="0"/>
    </Property>
    <Property name="InnerFit" type="App::PropertyDistance">
      <Float value="0"/>
    </Property>
    <Property name="InnerFitJoin" type="App::PropertyEnumeration">
      <Integer value="0"/>
    </Property>
    <Property name="InnerTaperAngle" type="App::PropertyAngle">
      <Float value="0"/>
    </Property>
    <Property name="InnerTaperAngleRev" type="App::PropertyAngle">
      <Float value="0"/>
    </Property>
    <Property name="Label" type="App::PropertyString" status="134217728">
      <String value="Pocket"/>
    </Property>
    <Property name="Label2" type="App::PropertyString" status="128">
      <String value=""/>
    </Property>
    <Property name="Length" type="App::PropertyLength">
      <Float value="5"/>
    </Property>
    <Property name="Length2" type="App::PropertyLength">
      <Float value="100"/>
    </Property>
    <Property name="Linearize" type="App::PropertyBool">
      <Bool value="true"/>
    </Property>
    <Property name="Midplane" type="App::PropertyBool">
      <Bool value="true"/>
    </Property>
    <Property name="NewSolid" type="App::PropertyBool">
      <Bool value="false"/>
    </Property>
    <Property name="Offset" type="App::PropertyLength">
      <Float value="0"/>
    </Property>
    <Property name="Placement" type="App::PropertyPlacement" status="8388620">
      <PropertyPlacement Px="0" Py="0" Pz="0" Q0="0.5" Q1="0.5" Q2="0.5" Q3="0.5000000000000001" A="2.094395102393195" Ox="0.5773502691896258" Oy="0.5773502691896258" Oz="0.5773502691896258"/>
    </Property>
    <Property name="Profile" type="App::PropertyLinkSub">
      <LinkSub value="Sketch002" count="0">
      </LinkSub>
    </Property>
    <Property name="Refine" type="App::PropertyBool">
      <Bool value="false"/>
    </Property>
    <Property name="Reversed" type="App::PropertyBool">
      <Bool value="false"/>
    </Property>
    <Property name="Shape" type="Part::PropertyPartShape">
      <Part HasherIndex="0" ElementMap="1.15.70200.3.0" brep="1">
<![CDATA[

CASCADE Topology V1, (c) Matra-Datavision
Locations 26
1
              0              -0               1               0 
              1               0               0               0 
             -0               1               0               0 
1
              0              -0               1               0 
              1               0               0               0 
             -0               1               0               0 
1
             -0               0               1               0 
              1              -0               0               0 
              0               1              -0               0 
2  2 1 3 -1 0
1
              1               0               0               0 
              0               1               0               0 
              0               0               1               0 
1
              0              -0               1               0 
              1               0              -0               0 
             -0               1               0               0 
1
             -0               0               1               0 
              1              -0               0               0 
              0               1              -0               0 
2  5 1 6 1 7 -1 2 1 3 -1 0
1
             -0               0               1               0 
              1              -0               0               0 
              0               1              -0               0 
1
              0              -0               1               0 
              1               0              -0               0 
             -0               1               0               0 
1
              1               0               0               0 
              0               1               0               0 
              0               0               1               0 
2  9 1 10 -1 11 -1 0
1
             -0               0               1               0 
              1              -0               0               0 
              0               1              -0               0 
1
              0              -0               1               0 
              1               0              -0               0 
             -0               1               0               0 
1
              1               0               0               0 
              0               1               0               0 
              0               0               1               0 
2  13 1 14 -1 15 -1 0
1
             -0               0               1               0 
              1              -0               0               0 
              0               1              -0               0 
1
              0              -0               1               0 
              1               0              -0               0 
             -0               1               0               0 
1
              1               0               0               0 
              0               1               0               0 
              0               0               1               0 
2  17 1 18 -1 19 -1 0
1
             -0               0               1               0 
              1              -0               0               0 
              0               1              -0               0 
1
              0              -0               1               0 
              1               0              -0               0 
             -0               1               0               0 
1
              1               0               0               0 
              0               1               0               0 
              0               0               1               0 
2  21 1 22 -1 23 -1 0
2  7 1 6 -1 5 -1 0
2  5 1 6 1 7 -1 0
Curve2ds 94
7 0 0  1 2 2  -0.1699608677261249 0  5.099102259963078 0 
 0 2 4.9291413922369554 2
7 0 0  1 2 2  -0.1699608677261249 0  5.099102259963078 0 
 0 2 4.9291413922369554 2
7 0 0  1 2 2  -0.1699608677261249 0  5.099102259963078 0 
 0 2 4.9291413922369554 2
1 0 0 1 0 
1 -2.4645706961184737 -2.4656789158387409 1 1.8599999999999999e-15 
1 0 0 1 0 
1 -2.4645706961184755 -2.4630502602781443 1 1.35e-15 
1 0 0 0 1 
1 4.9291413922370788 0 0 1 
7 0 0  1 2 2  -2.4645706961184755 -2.4630502602781448  -1.8340346074400697 2.4630502602781386 
 0 2 1 2
1 4.9291413922369554 0 0 1 
1 0 0 0 1 
7 0 0  1 2 2  2.4645706961184799 -2.4630502602781377  1.8340346074400644 2.463050260278143 
 0 2 1 2
7 0 0  1 2 2  0 1  4.9291413922369554 1 
 0.6305360886784106 2 4.2986053035585448 2
1 -2.4645706961184803 2.4630502602781377 1 1.3299999999999999e-15 
3 4.25e-15 -0.81435749267253654 2.2200000000000002e-15 -1 1 2.2200000000000002e-15 1.051462224238267 1
7 0 0  8 23 4  7.4899999999999998e-15 -12.528178136580406  0.19634954084936967 -12.528178136580406  0.39269908169869139 -12.513861685934948  0.58904862254798118 -12.485230515348462  0.78539816339753088 -12.443456841605439  0.98174770424700597 -12.390904773661362  1.1780972450961817 -12.330853884636863  1.3744467859455347 -12.267056273515744  1.86532063806894 -12.107561690595132  2.1598449493421867 -12.011864594056533  2.4543692606021068 -11.928819838249183  2.7488935719029541 -11.871061738565913  3.0434178831455938 -11.847776061018521  3.3379421944382557 -11.860947051090989  3.6324665057131988 -11.905837699112727  4.2215151282612853 -12.04117334048755  4.5160394395288677 -12.13161882426175  4.8105637508306245 -12.235890854150057  5.1050880620496173 -12.340858819588902  5.3996123733886634 -12.431547840278654  5.6941366846258461 -12.495966003281865  5.9886609959055308 -12.528178136580404  6.2831853071795738 -12.528178136580404 
 3.1415926535897922 9 4.7123889803846897 7 7.0685834705770327 7 9.4247779607693793 9
7 0 0  1 2 2  -0.16996086772612393 0  5.0991022599619908 0 
 0 2 4.9291413922370779 2
7 0 0  1 2 2  -0.16996086772612393 0  5.0991022599619908 0 
 0 2 4.9291413922370779 2
7 0 0  1 2 2  -0.16996086772612393 0  5.0991022599619908 0 
 0 2 4.9291413922370779 2
1 0 0 1 0 
1 -2.4645706961146439 -2.4656789158437538 1 2.0356900000000002e-12 
1 0 0 1 0 
7 0 0  1 2 2  -0.16996086772491253 0  5.0991022599645888 0 
 0 2 4.929141392240032 2
7 0 0  1 2 2  -0.16996086772491253 0  5.0991022599645888 0 
 0 2 4.929141392240032 2
7 0 0  1 2 2  -0.16996086772491253 0  5.0991022599645888 0 
 0 2 4.929141392240032 2
1 0 0 1 0 
1 -2.4645706961188667 -2.4656789158402175 1 6.0055e-13 
1 0 0 1 0 
1 -2.4645706961188569 -2.463050260279632 1 6.0497e-13 
7 0 0  1 2 2  -0.16996086772455724 0  5.0991022599933453 0 
 0 2 4.9291413922629408 2
7 0 0  1 2 2  -0.16996086772455724 0  5.0991022599933453 0 
 0 2 4.9291413922629408 2
7 0 0  1 2 2  -0.16996086772455724 0  5.0991022599933453 0 
 0 2 4.9291413922629408 2
1 0 0 1 0 
1 -2.4645706961502745 -2.4656789158145154 1 -9.8277599999999993e-12 
1 0 0 1 0 
7 0 0  1 2 2  -0.16996086773040353 0  5.0991022599774922 0 
 0 2 4.9291413922546425 2
7 0 0  1 2 2  -0.16996086773040353 0  5.0991022599774922 0 
 0 2 4.9291413922546425 2
7 0 0  1 2 2  -0.16996086773040353 0  5.0991022599774922 0 
 0 2 4.9291413922546425 2
1 0 0 1 0 
1 -2.4645706961030314 -2.4656789158700243 1 1.269506e-11 
1 0 0 1 0 
1 -2.4645706961027956 -2.4630502603096902 1 1.2801349999999999e-11 
7 0 0  1 2 2  -0.16996086772285204 0  5.0991022599793183 0 
 0 2 4.9291413922519478 2
7 0 0  1 2 2  -0.16996086772285204 0  5.0991022599793183 0 
 0 2 4.9291413922519478 2
7 0 0  1 2 2  -0.16996086772285204 0  5.0991022599793183 0 
 0 2 4.9291413922519478 2
1 0 0 1 0 
1 -2.4645706961405152 -2.4656789158200056 1 -7.6000099999999992e-12 
1 0 0 1 0 
7 0 0  1 2 2  -0.16996086772737182 0  5.099102259964944 0 
 0 2 4.929141392240032 2
7 0 0  1 2 2  -0.16996086772737182 0  5.099102259964944 0 
 0 2 4.929141392240032 2
7 0 0  1 2 2  -0.16996086772737182 0  5.099102259964944 0 
 0 2 4.929141392240032 2
1 0 0 1 0 
1 -2.4645706961121112 -2.4656789158489194 1 4.1313500000000002e-12 
1 0 0 1 0 
1 -2.4645706961120335 -2.4630502602884099 1 4.1664699999999997e-12 
7 0 0  1 2 2  -0.16996086772491384 0  5.0991022599632014 0 
 0 2 4.9291413922370788 2
7 0 0  1 2 2  -0.16996086772491384 0  5.0991022599632014 0 
 0 2 4.9291413922370788 2
7 0 0  1 2 2  -0.16996086772491384 0  5.0991022599632014 0 
 0 2 4.9291413922370788 2
1 0 0 1 0 
1 -2.4645706961224305 -2.4656789158337253 1 -2.0334699999999998e-12 
1 0 0 1 0 
7 0 0  1 2 2  0 1  4.9291413922370788 1 
 0.63053608867392164 2 4.2986053035586691 2
1 4.929141392240032 0 0 1 
1 0 0 0 1 
7 0 0  1 2 2  2.4645706961279985 -2.463050260267873  1.8340346074335534 2.4630502602857822 
 0 2 1 2
1 4.9291413922370779 0 0 1 
1 0 0 0 1 
7 0 0  1 2 2  -2.4645706961188574 -2.4630502602796316  -1.8340346074479152 2.4630502602770319 
 0 2 1 2
7 0 0  1 2 2  0 1  4.9291413922370779 1 
 0.63053608867841104 2 4.2986053035631553 2
7 0 0  1 2 2  0 1  4.929141392240032 1 
 0.63053608867392152 2 4.2986053035674336 2
1 -2.4645706961218368 2.4630502602766504 1 6.0499000000000003e-13 
7 0 0  1 2 2  0 1  4.9291413922629408 1 
 0.63053608867259925 2 4.2986053035686513 2
7 0 0  1 2 2  0 1  4.9291413922546425 1 
 0.63053608869428956 2 4.2986053035883733 2
1 -2.4645706961658571 2.4630502602465909 1 1.2801380000000001e-11 
7 0 0  1 2 2  0 1  4.9291413922519478 1 
 0.6305360886662702 2 4.298605303568908 2
7 0 0  1 2 2  0 1  4.929141392240032 1 
 0.63053608868304034 2 4.298605303566112 2
1 -2.4645706961325589 2.4630502602678717 1 4.1664600000000004e-12 
1 0 0 0 -1 
1 6.2831853071795862 0 0 -1 
3 2.495935e-11 -0.81435749267254565 1.9094420000000001e-11 1 -1 1.9094420000000001e-11 1.0514622242382672 1
7 0 0  8 23 4  6.2831853072099211 -22.759390576752487  6.0868357663605588 -22.759390576752487  5.8904862255112462 -22.773707027396515  5.6941366846619594 -22.802338197985932  5.4977871438124097 -22.844111871727364  5.3014376029629453 -22.896663939670361  5.1050880621137757 -22.956714828698352  4.9087385212643868 -23.020512439817153  4.4178646691409815 -23.180007022737765  4.1233403578660486 -23.275704119267175  3.8288160466065833 -23.358748875063611  3.5342917353166499 -23.41650697478326  3.2397674240485443 -23.439792652250617  2.9452431127695249 -23.426621662245452  2.6507188014967227 -23.381731014220172  2.0616701789486367 -23.246395372845349  1.7671458676789129 -23.155949889085605  1.4726215564089884 -23.051677859053598  1.1780972451408829 -22.946709893934894  0.88357293386368241 -22.856020872903173  0.58904862257738699 -22.791602710072766  0.29452431130437784 -22.759390576752491  3.0334850000000002e-11 -22.759390576752491 
 0 9 1.5707963267948972 7 3.9269908169872423 7 6.2831853071795862 9
1 4.929141392240032 0 0 1 
1 0 0 0 1 
7 0 0  1 2 2  2.4645706961211751 -2.46305026027665  1.8340346074455971 2.4630502602792514 
 0 2 1 2
1 4.9291413922629408 0 0 1 
1 0 0 0 1 
7 0 0  1 2 2  -2.464570696102796 -2.4630502603096902  -1.8340346074715668 2.4630502602546631 
 0 2 1 2
1 4.9291413922546425 0 0 1 
1 0 0 0 1 
7 0 0  1 2 2  2.464570696151847 -2.4630502602465905  1.8340346074225162 2.4630502603016193 
 0 2 1 2
1 4.9291413922519478 0 0 1 
1 0 0 0 1 
7 0 0  1 2 2  -2.4645706961120335 -2.4630502602884103  -1.834034607449518 2.4630502602704993 
 0 2 1 2
Curves 27
1 2.4645706961184772 5.9500000000005082 0 -1 0 0 
7 0 0  1 2 2  2.464570696118479 5.9500000000005082 -2.0999999999999998e-15  1.8340346074400653 4.4277512231493432 4.6849999999999978 
 0 2 1 2
7 0 0  1 2 2  -2.4645706961184763 5.95000000000051 -3.1900000000000002e-15  -1.8340346074400689 4.427751223149345 4.6849999999999969 
 0 2 1 2
1 2.4645706961184759 4.4277512231493432 4.6849999999999978 -1 4.4e-16 -2.4e-16 
3 -3.06e-15 5.4405259163073101 1.5679999999999965 3.7e-16 0.95105651629515375 0.30901699437494701 -4.100000000000001e-16 0.30901699437494701 -0.95105651629515375 -1 2.2519394333547854e-16 5.0426945959974352e-16 1.051462224238267 1
1 -2.4645706961184781 5.9500000000005082 0 -0.70710678118591075 -0.70710678118718429 0 
1 -5.9499999999934774 2.4645706961192313 0 -3.23368e-12 -1 0 
1 -5.9500000000094166 -2.4645706961208012 0 0.70710678118028891 -0.70710678119280612 0 
1 -2.4645706961438409 -5.9500000000480764 0 1 9.8567099999999995e-12 0 
1 2.464570696110802 -5.9499999999994913 0 0.70710678118856862 0.70710678118452652 0 
1 5.9500000000094166 -2.4645706961208007 0 -3.23368e-12 1 0 
1 5.9499999999934774 2.4645706961192313 0 -0.70710678118591086 0.70710678118718429 0 
1 4.8736075672281203 1.3881782633558128 4.6850000000000005 -0.70710678118591064 0.70710678118718451 -5.0000000000000004e-16 
7 0 0  1 2 2  5.9499999999934783 2.4645706961192282 2.2999999999999999e-16  4.4277512231443499 1.8340346074403873 4.6849999999999996 
 0 2 1 2
7 0 0  1 2 2  -5.9499999999934774 2.4645706961192348 -2.4199999999999999e-15  -4.4277512231443517 1.8340346074403917 4.6849999999999978 
 0 2 1 2
1 -1.3881782633531234 4.8736075672370927 4.6849999999999969 -0.70710678118591097 -0.70710678118718406 1.5e-16 
1 -4.4277512231423133 2.464570696114313 4.6849999999999978 -3.2339000000000002e-12 -1 4.5999999999999998e-16 
1 -4.8736075672355055 -1.3881782633659379 4.6849999999999987 0.7071067811802888 -0.70710678119280646 5.0000000000000004e-16 
1 -2.4645706961588485 -4.4277512231969096 4.6850000000000014 1 9.8562700000000008e-12 2.4e-16 
1 1.3881782633494888 -4.8736075672320283 4.6850000000000023 0.70710678118856884 0.7071067811845263 -1.5e-16 
1 4.427751223158249 -2.4645706961257248 4.6850000000000014 -3.2334500000000001e-12 1 -4.5999999999999998e-16 
1 -5.6999999999999999e-16 17.643784356654809 2.5679999999999965 0 -1 2.2e-16 
3 -5.4700000000000001e-15 -5.4405259163305892 1.5679999999999965 9.3736699999999996e-12 -0.95105651629515353 0.30901699437494784 2.8849920000000002e-11 0.30901699437494784 0.95105651629515353 -1 2.2563125730325395e-16 3.0334527740256489e-11 1.0514622242382672 1
7 0 0  1 2 2  -5.9500000000094175 -2.4645706961207976 -2.2999999999999999e-16  -4.4277512231562142 -1.8340346074531206 4.6849999999999996 
 0 2 1 2
7 0 0  1 2 2  -2.4645706961438432 -5.9500000000480755 2.0999999999999998e-15  -1.8340346074645582 -4.4277512231906933 4.6850000000000005 
 0 2 1 2
7 0 0  1 2 2  2.4645706961107998 -5.949999999999493 3.1900000000000002e-15  1.8340346074295248 -4.4277512231545417 4.6850000000000023 
 0 2 1 2
7 0 0  1 2 2  5.9500000000094166 -2.4645706961208038 2.4199999999999999e-15  4.4277512231562106 -1.8340346074426841 4.6850000000000014 
 0 2 1 2
Polygon3D 0
PolygonOnTriangulations 0
Surfaces 63
1 -3.2999999999999999e-16 5.188875611574927 2.3424999999999976 3.2999999999999999e-16 0.95105651629515364 0.30901699437494728 -1 8.4077830448220209e-16 -1.5197471135440663e-15 -1.7051801800435893e-15 -0.30901699437494728 0.95105651629515364 
9 0 0 0 0 1 1 2 2 2 2 2.464570696118479 5.9500000000005082 -2.0999999999999998e-15  2.6345315638446016 6.3603218319370924 4.6899999999999977  
-2.4645706961184763 5.95000000000051 -3.1900000000000002e-15  -2.6345315638446012 6.3603218319370951 4.6899999999999968  

-0.1699608677261249 2
5.099102259963078 2

0 2
1 2

1 2.464570696118479 5.9500000000005082 -2.0999999999999998e-15 -2.2e-16 4.4e-16 1 -0.38268343236524655 -0.92387953251122179 3.2231663918458337e-16 0.92387953251122179 -0.38268343236524655 3.7163420739317731e-16 
9 0 0 0 0 1 1 2 2 2 2 2.464570696118479 5.9500000000005082 -2.0999999999999998e-15  2.6345315638446016 6.3603218319370924 4.6899999999999977  
-2.4645706961184763 5.95000000000051 -3.1900000000000002e-15  -2.6345315638446012 6.3603218319370951 4.6899999999999968  

-0.1699608677261249 2
5.099102259963078 2

0 2
1 2

1 2.464570696118479 5.9500000000005082 -2.0999999999999998e-15 -2.2e-16 4.4e-16 1 -0.38268343236524655 -0.92387953251122179 3.2231663918458337e-16 0.92387953251122179 -0.38268343236524655 3.7163420739317731e-16 
9 0 0 0 0 1 1 2 2 2 2 2.464570696118479 5.9500000000005082 -2.0999999999999998e-15  2.6345315638446016 6.3603218319370924 4.6899999999999977  
-2.4645706961184763 5.95000000000051 -3.1900000000000002e-15  -2.6345315638446012 6.3603218319370951 4.6899999999999968  

-0.1699608677261249 2
5.099102259963078 2

0 2
1 2

1 2.464570696118479 5.9500000000005082 -2.0999999999999998e-15 -2.2e-16 4.4e-16 1 -0.38268343236524655 -0.92387953251122179 3.2231663918458337e-16 0.92387953251122179 -0.38268343236524655 3.7163420739317731e-16 
9 0 0 0 0 1 1 2 2 2 2 2.464570696118479 5.9500000000005082 -2.0999999999999998e-15  1.8333616767157555 4.4261266246681785 4.6899999999999986  
-2.4645706961184763 5.95000000000051 -3.1900000000000002e-15  -1.8333616767157599 4.4261266246681803 4.6899999999999977  

0 2
4.9291413922369554 2

0 2
1 2

1 2.464570696118479 5.9500000000005082 -2.0999999999999998e-15 -2.2e-16 4.4e-16 1 -0.38268343236524655 -0.92387953251122179 3.2231663918458337e-16 0.92387953251122179 -0.38268343236524655 3.7163420739317731e-16 
1 -5.6000000000000003e-16 5.1880633123343447 2.344999999999998 3.2000000000000002e-16 0.95105651629515364 0.30901699437494717 -1 9.8959885155278509e-16 -2.0101303410316136e-15 -2.2175504221844571e-15 -0.30901699437494717 0.95105651629515364 
9 0 0 0 0 1 1 2 2 2 2 2.464570696118479 5.9500000000005082 -2.0999999999999998e-15  1.8340346074400653 4.4277512231493432 4.6849999999999978  
-2.4645706961184763 5.95000000000051 -3.1900000000000002e-15  -1.8340346074400689 4.427751223149345 4.6849999999999969  

0 2
4.9291413922369554 2

0 2
1 2

1 2.464570696118479 5.9500000000005082 -2.0999999999999998e-15 -2.2e-16 4.4e-16 1 -0.38268343236524655 -0.92387953251122179 3.2231663918458337e-16 0.92387953251122179 -0.38268343236524655 3.7163420739317731e-16 
9 0 0 0 0 1 1 2 2 2 2 5.9499999999934792 2.4645706961192291 2.2999999999999999e-16  4.4277512231443499 1.8340346074403868 4.6850000000000005  
2.4645706961184808 5.9500000000005064 -2.0999999999999998e-15  1.8340346074400653 4.4277512231493432 4.6849999999999987  

0 2
4.9291413922370788 2

0 2
1 2

9 0 0 0 0 1 1 2 2 2 2 -2.4645706961184772 5.95000000000051 -3.1900000000000002e-15  -1.8340346074400689 4.427751223149345 4.6849999999999969  
-5.9499999999934774 2.4645706961192348 -2.4199999999999999e-15  -4.4277512231443517 1.8340346074403917 4.6849999999999978  

0 2
4.9291413922370779 2

0 2
1 2

1 1.8340346074400653 4.4277512231493432 4.6849999999999978 -2e-16 4.8000000000000001e-16 1 -0.38268343236530877 -0.92387953251119614 3.6692548913231242e-16 0.92387953251119614 -0.38268343236530877 3.6846395403758743e-16 
2 -3.5000000000000002e-16 17.643784356654809 1.5679999999999965 2.2e-16 1 0 -2.2e-16 4.8400000000000002e-32 1 1 -2.2e-16 2.2e-16 1
9 0 0 0 0 1 1 2 2 2 2 -2.4645706961184772 5.95000000000051 -3.1900000000000002e-15  -2.6345315638446016 6.3603218319370951 4.6899999999999968  
-5.9499999999934774 2.4645706961192348 -2.4199999999999999e-15  -6.3603218319295127 2.6345315638454756 4.6899999999999977  

-0.16996086772612393 2
5.0991022599619908 2

0 2
1 2

9 0 0 0 0 1 1 2 2 2 2 -2.4645706961184772 5.95000000000051 -3.1900000000000002e-15  -2.6345315638446016 6.3603218319370951 4.6899999999999968  
-5.9499999999934774 2.4645706961192348 -2.4199999999999999e-15  -6.3603218319295127 2.6345315638454756 4.6899999999999977  

-0.16996086772612393 2
5.0991022599619908 2

0 2
1 2

9 0 0 0 0 1 1 2 2 2 2 -2.4645706961184772 5.95000000000051 -3.1900000000000002e-15  -2.6345315638446016 6.3603218319370951 4.6899999999999968  
-5.9499999999934774 2.4645706961192348 -2.4199999999999999e-15  -6.3603218319295127 2.6345315638454756 4.6899999999999977  

-0.16996086772612393 2
5.0991022599619908 2

0 2
1 2

9 0 0 0 0 1 1 2 2 2 2 -2.4645706961184772 5.95000000000051 -3.1900000000000002e-15  -1.833361676715759 4.4261266246681803 4.6899999999999977  
-5.9499999999934774 2.4645706961192348 -2.4199999999999999e-15  -4.4261266246631905 1.833361676716081 4.6899999999999986  

0 2
4.9291413922370779 2

0 2
1 2

1 -3.6685147493727257 3.6685147493760013 2.3449999999999975 -0.67249851196456278 0.6724985119633522 0.3090169943749469 -0.70710678118635595 -0.7071067811867392 -1.9359236436145007e-12 0.21850801222316749 -0.21850801222565286 0.95105651629515386 
9 0 0 0 0 1 1 2 2 2 2 -5.9499999999934774 2.4645706961192344 -2.4199999999999999e-15  -6.3603218319295127 2.6345315638454752 4.6899999999999977  
-5.9500000000094175 -2.4645706961207976 -2.2999999999999999e-16  -6.3603218319465524 -2.6345315638440261 4.6900000000000004  

-0.16996086772491253 2
5.0991022599645888 2

0 2
1 2

9 0 0 0 0 1 1 2 2 2 2 -5.9499999999934774 2.4645706961192344 -2.4199999999999999e-15  -6.3603218319295127 2.6345315638454752 4.6899999999999977  
-5.9500000000094175 -2.4645706961207976 -2.2999999999999999e-16  -6.3603218319465524 -2.6345315638440261 4.6900000000000004  

-0.16996086772491253 2
5.0991022599645888 2

0 2
1 2

9 0 0 0 0 1 1 2 2 2 2 -5.9499999999934774 2.4645706961192344 -2.4199999999999999e-15  -6.3603218319295127 2.6345315638454752 4.6899999999999977  
-5.9500000000094175 -2.4645706961207976 -2.2999999999999999e-16  -6.3603218319465524 -2.6345315638440261 4.6900000000000004  

-0.16996086772491253 2
5.0991022599645888 2

0 2
1 2

9 0 0 0 0 1 1 2 2 2 2 -5.9499999999934774 2.4645706961192344 -2.4199999999999999e-15  -4.4261266246631896 1.833361676716081 4.6899999999999986  
-5.9500000000094175 -2.4645706961207976 -2.2999999999999999e-16  -4.4261266246750477 -1.8333616767288232 4.6900000000000004  

0 2
4.929141392240032 2

0 2
1 2

1 -5.1880633123352826 -3.5762499999999998e-12 2.3449999999999989 -0.95105651629515375 3.07574e-12 0.30901699437494712 -3.419463298146184e-12 -1 -5.707221775643059e-13 0.30901699437494712 -1.5994613167352702e-12 0.95105651629515375 
9 0 0 0 0 1 1 2 2 2 2 -5.9499999999934774 2.4645706961192344 -2.4199999999999999e-15  -4.4277512231443525 1.8340346074403915 4.6849999999999978  
-5.9500000000094175 -2.4645706961207976 -2.2999999999999999e-16  -4.4277512231562142 -1.8340346074531206 4.6849999999999996  

0 2
4.929141392240032 2

0 2
1 2

1 -5.188875611575865 -3.5731399999999999e-12 2.3424999999999985 -0.95105651629515375 3.0756599999999998e-12 0.30901699437494717 -3.4207526085570787e-12 -1 -5.7494915242842628e-13 0.30901699437494717 -1.6038798275519991e-12 0.95105651629515375 
9 0 0 0 0 1 1 2 2 2 2 -5.9500000000094184 -2.4645706961207989 -2.2999999999999999e-16  -6.3603218319465542 -2.6345315638440265 4.6900000000000004  
-2.4645706961438432 -5.9500000000480755 2.0999999999999998e-15  -2.6345315638702034 -6.3603218319863339 4.6900000000000031  

-0.16996086772455724 2
5.0991022599933453 2

0 2
1 2

9 0 0 0 0 1 1 2 2 2 2 -5.9500000000094184 -2.4645706961207989 -2.2999999999999999e-16  -6.3603218319465542 -2.6345315638440265 4.6900000000000004  
-2.4645706961438432 -5.9500000000480755 2.0999999999999998e-15  -2.6345315638702034 -6.3603218319863339 4.6900000000000031  

-0.16996086772455724 2
5.0991022599933453 2

0 2
1 2

9 0 0 0 0 1 1 2 2 2 2 -5.9500000000094184 -2.4645706961207989 -2.2999999999999999e-16  -6.3603218319465542 -2.6345315638440265 4.6900000000000004  
-2.4645706961438432 -5.9500000000480755 2.0999999999999998e-15  -2.6345315638702034 -6.3603218319863339 4.6900000000000031  

-0.16996086772455724 2
5.0991022599933453 2

0 2
1 2

9 0 0 0 0 1 1 2 2 2 2 -5.9500000000094184 -2.4645706961207989 -2.2999999999999999e-16  -4.4261266246750477 -1.833361676728823 4.6899999999999995  
-2.4645706961438432 -5.9500000000480755 2.0999999999999998e-15  -1.833361676740247 -4.4261266247095223 4.6900000000000013  

0 2
4.9291413922629408 2

0 2
1 2

1 -3.6685147493921395 -3.6685147494018047 2.3450000000000006 -0.67249851196991006 -0.6724985119580047 0.30901699437494745 0.70710678118243597 -0.70710678119065895 9.34727295565096e-12 0.21850801221939506 0.21850801222942606 0.95105651629515364 
9 0 0 0 0 1 1 2 2 2 2 -5.9500000000094184 -2.4645706961207989 -2.2999999999999999e-16  -4.4277512231562151 -1.8340346074531215 4.6849999999999987  
-2.4645706961438432 -5.9500000000480755 2.0999999999999998e-15  -1.8340346074645582 -4.4277512231906933 4.6850000000000005  

0 2
4.9291413922629408 2

0 2
1 2

9 0 0 0 0 1 1 2 2 2 2 -2.4645706961438427 -5.9500000000480764 2.0999999999999998e-15  -2.6345315638702043 -6.3603218319863339 4.6900000000000031  
2.4645706961107998 -5.949999999999493 3.1900000000000002e-15  2.6345315638376916 -6.3603218319344004 4.6900000000000039  

-0.16996086773040353 2
5.0991022599774922 2

0 2
1 2

9 0 0 0 0 1 1 2 2 2 2 -2.4645706961438427 -5.9500000000480764 2.0999999999999998e-15  -2.6345315638702043 -6.3603218319863339 4.6900000000000031  
2.4645706961107998 -5.949999999999493 3.1900000000000002e-15  2.6345315638376916 -6.3603218319344004 4.6900000000000039  

-0.16996086773040353 2
5.0991022599774922 2

0 2
1 2

9 0 0 0 0 1 1 2 2 2 2 -2.4645706961438427 -5.9500000000480764 2.0999999999999998e-15  -2.6345315638702043 -6.3603218319863339 4.6900000000000031  
2.4645706961107998 -5.949999999999493 3.1900000000000002e-15  2.6345315638376916 -6.3603218319344004 4.6900000000000039  

-0.16996086773040353 2
5.0991022599774922 2

0 2
1 2

9 0 0 0 0 1 1 2 2 2 2 -2.4645706961438427 -5.9500000000480764 2.0999999999999998e-15  -1.8333616767402483 -4.4261266247095232 4.6900000000000022  
2.4645706961107998 -5.949999999999493 3.1900000000000002e-15  1.8333616767052123 -4.4261266246733832 4.6900000000000031  

0 2
4.9291413922546425 2

0 2
1 2

1 -1.701972e-11 -5.1880633123576194 2.3450000000000024 9.3738400000000008e-12 -0.95105651629515353 0.30901699437494762 1 5.9333176974729308e-12 -1.2073509251863605e-11 9.6490936469899355e-12 0.30901699437494762 0.95105651629515353 
9 0 0 0 0 1 1 2 2 2 2 -2.4645706961438427 -5.9500000000480764 2.0999999999999998e-15  -1.834034607464559 -4.427751223190695 4.6850000000000014  
2.4645706961107998 -5.949999999999493 3.1900000000000002e-15  1.8340346074295248 -4.4277512231545417 4.6850000000000023  

0 2
4.9291413922546425 2

0 2
1 2

1 -1.7019269999999998e-11 -5.1888756115982018 2.342500000000002 9.3738500000000001e-12 -0.95105651629515353 0.30901699437494751 1 5.9004816615086079e-12 -1.217460053985687e-11 9.7553840683174848e-12 0.30901699437494751 0.95105651629515353 
9 0 0 0 0 1 1 2 2 2 2 2.4645706961108012 -5.949999999999493 3.1900000000000002e-15  2.6345315638376929 -6.3603218319344021 4.6900000000000039  
5.9500000000094166 -2.4645706961208038 2.4199999999999999e-15  6.360321831946548 -2.6345315638468474 4.6900000000000031  

-0.16996086772285204 2
5.0991022599793183 2

0 2
1 2

9 0 0 0 0 1 1 2 2 2 2 2.4645706961108012 -5.949999999999493 3.1900000000000002e-15  2.6345315638376929 -6.3603218319344021 4.6900000000000039  
5.9500000000094166 -2.4645706961208038 2.4199999999999999e-15  6.360321831946548 -2.6345315638468474 4.6900000000000031  

-0.16996086772285204 2
5.0991022599793183 2

0 2
1 2

9 0 0 0 0 1 1 2 2 2 2 2.4645706961108012 -5.949999999999493 3.1900000000000002e-15  2.6345315638376929 -6.3603218319344021 4.6900000000000039  
5.9500000000094166 -2.4645706961208038 2.4199999999999999e-15  6.360321831946548 -2.6345315638468474 4.6900000000000031  

-0.16996086772285204 2
5.0991022599793183 2

0 2
1 2

9 0 0 0 0 1 1 2 2 2 2 2.4645706961108012 -5.949999999999493 3.1900000000000002e-15  1.8333616767052123 -4.4261266246733832 4.6900000000000031  
5.9500000000094166 -2.4645706961208038 2.4199999999999999e-15  4.4261266246750433 -1.8333616767183747 4.6900000000000022  

0 2
4.9291413922519478 2

0 2
1 2

1 3.6685147493751185 -3.6685147493780139 2.3450000000000029 0.67249851196203514 -0.67249851196587951 0.30901699437494778 0.70710678118690806 0.70710678118618719 7.2278294460659238e-12 -0.21850801222916008 0.21850801221966146 0.95105651629515342 
9 0 0 0 0 1 1 2 2 2 2 2.4645706961108012 -5.949999999999493 3.1900000000000002e-15  1.8340346074295253 -4.4277512231545408 4.6850000000000023  
5.9500000000094166 -2.4645706961208038 2.4199999999999999e-15  4.4277512231562106 -1.8340346074426841 4.6850000000000014  

0 2
4.9291413922519478 2

0 2
1 2

9 0 0 0 0 1 1 2 2 2 2 5.9500000000094166 -2.4645706961208038 2.4199999999999999e-15  6.360321831946548 -2.6345315638468474 4.6900000000000031  
5.9499999999934783 2.4645706961192282 2.2999999999999999e-16  6.3603218319295101 2.6345315638454685 4.6900000000000004  

-0.16996086772737182 2
5.099102259964944 2

0 2
1 2

9 0 0 0 0 1 1 2 2 2 2 5.9500000000094166 -2.4645706961208038 2.4199999999999999e-15  6.360321831946548 -2.6345315638468474 4.6900000000000031  
5.9499999999934783 2.4645706961192282 2.2999999999999999e-16  6.3603218319295101 2.6345315638454685 4.6900000000000004  

-0.16996086772737182 2
5.099102259964944 2

0 2
1 2

9 0 0 0 0 1 1 2 2 2 2 5.9500000000094166 -2.4645706961208038 2.4199999999999999e-15  6.360321831946548 -2.6345315638468474 4.6900000000000031  
5.9499999999934783 2.4645706961192282 2.2999999999999999e-16  6.3603218319295101 2.6345315638454685 4.6900000000000004  

-0.16996086772737182 2
5.099102259964944 2

0 2
1 2

9 0 0 0 0 1 1 2 2 2 2 5.9500000000094166 -2.4645706961208038 2.4199999999999999e-15  4.4261266246750433 -1.8333616767183747 4.6900000000000022  
5.9499999999934783 2.4645706961192282 2.2999999999999999e-16  4.426126624663187 1.8333616767160761 4.6900000000000004  

0 2
4.929141392240032 2

0 2
1 2

1 5.1880633123352817 -9.6856000000000007e-13 2.3450000000000015 0.95105651629515353 3.0753499999999998e-12 0.30901699437494784 -1.9568108762176556e-12 1 -3.9295970355034114e-12 -0.30901699437494784 3.1325810515006496e-12 0.95105651629515353 
9 0 0 0 0 1 1 2 2 2 2 5.9500000000094166 -2.4645706961208038 2.4199999999999999e-15  4.4277512231562106 -1.8340346074426845 4.6850000000000014  
5.9499999999934783 2.4645706961192282 2.2999999999999999e-16  4.4277512231443499 1.8340346074403873 4.6849999999999996  

0 2
4.929141392240032 2

0 2
1 2

1 5.1888756115758632 -9.6823000000000001e-13 2.3425000000000011 0.95105651629515353 3.0753700000000001e-12 0.30901699437494778 -1.9459778008291812e-12 1 -3.9630025346430484e-12 -0.30901699437494778 3.1676991735338767e-12 0.95105651629515353 
9 0 0 0 0 1 1 2 2 2 2 5.9499999999934792 2.4645706961192291 2.2999999999999999e-16  6.3603218319295118 2.6345315638454698 4.6900000000000004  
