<?xml version='1.0' encoding='utf-8'?>
<!-- FreeCAD DocumentObject -->
<Document SchemaVersion="4" FileVersion="2">
<Object name="PolarPattern">
  <Properties Count="24" TransientCount="2">
    <_Property name="_Body" type="App::PropertyLinkHidden" status="251658241"/>
    <_Property name="_ElementMapVersion" type="App::PropertyString" status="234881024"/>
    <Property name="AddSubShape" type="Part::PropertyPartShape">
      <Part HasherIndex="0" ElementMap="1.15.70200.3.0" brep="1">
<![CDATA[

CASCADE Topology V1, (c) Matra-Datavision
Locations 39
1
              1              -0               0               0 
              0               1              -0               0 
             -0               0               1               0 
1
              0              -1              -0               0 
              1               0               0               0 
             -0               0               1               0 
2  1 1 2 1 0
1
              1               0               0               0 
              0               1               0               0 
              0               0               1               0 
1
              1               0               0               0 
              0               1               0               0 
              0               0               1               0 
1
             -0               0               1               0 
              1              -0               0               0 
              0               1              -0               0 
1
              1               0               0              -0 
              0               1               0 17.6437843566548 
              0               0               1          -4e-15 
2  4 1 5 1 6 -1 7 1 0
1
              1               0               0               0 
              0               1               0 -35.2875687133096 
              0               0               1           8e-15 
2  4 1 5 1 6 -1 7 1 9 1 0
1
             -0               0               1               0 
              1              -0               0               0 
              0               1              -0               0 
1
              1               0               0               0 
              0               1               0               0 
              0               0               1               0 
2  11 1 12 -1 4 -1 0
1
              1               0               0               0 
              0               1               0              -5 
              0               0               1           1e-15 
2  14 -1 11 1 12 -1 4 -1 0
2  12 -1 4 -1 0
1
             -0               0               1               0 
              1              -0               0               0 
              0               1              -0               0 
1
              1               0               0               0 
              0               1               0               0 
              0               0               1               0 
2  17 1 18 -1 4 -1 0
1
              1               0               0               0 
              0               1               0 -35.2902787527465 
              0               0               1           8e-15 
2  20 -1 17 1 18 -1 4 -1 0
1
              1               0               0              -0 
              0               1               0 17.6451393763732 
              0               0               1          -4e-15 
1
             -0               0               1               0 
              1              -0               0               0 
              0               1              -0               0 
1
              1               0               0               0 
              0               1               0               0 
              0               0               1               0 
2  22 -1 23 1 24 -1 4 -1 0
1
              1               0               0               0 
              0               1               0 -35.2902787527465 
              0               0               1           8e-15 
2  26 -1 22 -1 23 1 24 -1 4 -1 0
1
              1               0               0              -0 
              0               1               0 17.6451393763732 
              0               0               1          -4e-15 
1
             -0               0               1               0 
              1              -0               0               0 
              0               1              -0               0 
1
              1               0               0               0 
              0               1               0               0 
              0               0               1               0 
2  28 -1 29 1 30 -1 4 -1 0
1
              1               0               0               0 
              0               1               0 -35.2902787527465 
              0               0               1           8e-15 
2  32 -1 28 -1 29 1 30 -1 4 -1 0
2  30 -1 4 -1 0
2  7 -1 6 1 5 -1 4 -1 0
2  9 -1 7 -1 6 1 5 -1 4 -1 0
2  6 -1 7 1 0
2  4 1 5 1 0
2  6 -1 7 1 9 1 0
Curve2ds 14
1 0 0 0 -1 
1 6.2831853071795862 0 0 -1 
1 0 0 1 0 
1 0 -5 1 0 
2 -2.2e-16 -8.9999999999999996e-17 1 0 -0 1 1
1 0 0 1 0 
1 0 -35.290278752746453 1 0 
1 0 0 1 0 
1 0 -35.290278752746453 1 0 
1 0 0 1 0 
1 0 -35.290278752746453 1 0 
2 -2.2e-16 -8.9999999999999996e-17 1 0 -0 1 1
1 0 0 1 0 
1 0 -35.287568713309618 1 0 
Curves 2
1 -5.6999999999999999e-16 17.643784356654809 2.5679999999999965 0 -1 2.2e-16 
2 1.5680000000000001 0 0 0 0 1 1 0 -0 -0 1 0 1
Polygon3D 0
PolygonOnTriangulations 0
Surfaces 8
2 -3.5000000000000002e-16 17.643784356654809 1.5679999999999965 2.2e-16 1 0 -2.2e-16 4.8400000000000002e-32 1 1 -2.2e-16 2.2e-16 1
2 -3.5000000000000002e-16 0 1.5680000000000005 2.2e-16 1 0 -2.2e-16 4.8400000000000002e-32 1 1 -2.2e-16 2.2e-16 1
1 1.5680000000000003 8.9999999999999996e-17 0 0 0 1 1 0 -0 -0 1 0 
2 -3.5000000000000002e-16 0 1.5680000000000005 2.2e-16 1 0 -2.2e-16 4.8400000000000002e-32 1 1 -2.2e-16 2.2e-16 1
2 -3.5000000000000002e-16 17.645139376373226 1.5679999999999965 2.2e-16 1 0 -2.2e-16 4.8400000000000002e-32 1 1 -2.2e-16 2.2e-16 1
2 -3.5000000000000002e-16 17.645139376373226 1.5679999999999965 2.2e-16 1 0 -2.2e-16 4.8400000000000002e-32 1 1 -2.2e-16 2.2e-16 1
1 1.5680000000000003 8.9999999999999996e-17 0 0 0 1 1 0 -0 -0 1 0 
1 1.5680000000000003 8.9999999999999996e-17 0 0 0 1 1 0 -0 -0 1 0 
Triangulations 0

TShapes 12
Co

0100000
*
Ve
1e-07
2.568 0 0
0 0

0101101
*
Ed
 1e-07 1 1 0
1  1 0 0 35.2875687133096
3  1 2CN 1 0 0 35.2875687133096
0

0101000
+11 8 -11 10 *
Ed
 1e-07 1 1 0
1  2 0 0 6.28318530717959
2  3 2 13 0 6.28318530717959
2  4 2 15 0 6.28318530717959
2  5 3 16 0 6.28318530717959
2  6 4 19 0 6.28318530717959
2  7 4 21 0 6.28318530717959
2  8 5 25 0 6.28318530717959
2  9 5 27 0 6.28318530717959
2  10 6 31 0 6.28318530717959
2  11 6 33 0 6.28318530717959
2  12 7 34 0 6.28318530717959
2  13 1 35 0 6.28318530717959
2  14 1 36 0 6.28318530717959
0

0101000
+11 0 -11 0 *
Wi

0101100
+10 0 -10 0 -9 8 +9 10 *
Fa
0  1e-07 1 0

0111000
+8 0 *
Wi

0101100
+9 0 *
Fa
0  1e-07 8 0

0111000
+6 38 *
Sh

0101100
+7 0 +5 37 -5 39 *
So

0100000
+4 0 *
Co

0100000
+3 3 *
Co

1100000
+12 0 +2 0 *

+1 0 ]]>
      </Part>
      <ElementMap count="8">
<![CDATA[
Edge1	#1b9;:T-1357:4:E 4 3 412 415 441
Edge2	#1ba;:T-1357:4:E 3 11 411 442
Edge3	#1bb;:T-1357:4:E 5 11 411 414 417 443
Face1	#1bc;:T-1357:4:F 4 11 411 414 444
Face2	#1bd;:T-1357:4:F 3 411 413 445
Face3	#1be;:T-1357:4:F 4 411 413 418 446
Vertex1	#1b7;:T-1357:4:V 3 3 412 439
Vertex2	#1b8;:T-1357:4:V 5 3 412 415 416 440
]]>
      </ElementMap>
    </Property>
    <Property name="Angle" type="App::PropertyAngle">
      <Float value="90"/>
    </Property>
    <Property name="Axis" type="App::PropertyLinkSub">
      <LinkSub value="X_Axis001" count="1">
        <Sub value=""/>
      </LinkSub>
    </Property>
    <Property name="BaseFeature" type="App::PropertyLink" status="8">
      <Link value="Pocket"/>
    </Property>
    <Property name="ColoredElements" type="App::PropertyLinkSubHidden" status="218103808">
      <LinkSub value="" count="0">
      </LinkSub>
    </Property>
    <Property name="CopyShape" type="App::PropertyBool">
      <Bool value="false"/>
    </Property>
    <Property name="ExpressionEngine" type="App::PropertyExpressionEngine" status="67108864">
      <ExpressionEngine count="0"></ExpressionEngine>
    </Property>
    <Property name="Label" type="App::PropertyString" status="134217728">
      <String value="PolarPattern"/>
    </Property>
    <Property name="Label2" type="App::PropertyString" status="128">
      <String value=""/>
    </Property>
    <Property name="NewSolid" type="App::PropertyBool">
      <Bool value="false"/>
    </Property>
    <Property name="Occurrences" type="App::PropertyInteger">
      <Integer value="2"/>
    </Property>
    <Property name="OriginalSubs" type="App::PropertyLinkSubList">
      <LinkSubList count="1">
        <Link obj="Pocket" sub=""/>
      </LinkSubList>
    </Property>
    <Property name="Originals" type="App::PropertyLinkList" status="8">
      <LinkList count="1">
        <Link value="Pocket"/>
      </LinkList>
    </Property>
    <Property name="ParallelTransform" type="App::PropertyBool">
      <Bool value="true"/>
    </Property>
    <Property name="Placement" type="App::PropertyPlacement" status="8388620">
      <PropertyPlacement Px="0" Py="0" Pz="0" Q0="0.5" Q1="0.5" Q2="0.5" Q3="0.5000000000000001" A="2.094395102393195" Ox="0.5773502691896258" Oy="0.5773502691896258" Oz="0.5773502691896258"/>
    </Property>
    <Property name="Refine" type="App::PropertyBool">
      <Bool value="false"/>
    </Property>
    <Property name="Reversed" type="App::PropertyBool">
      <Bool value="false"/>
    </Property>
    <Property name="Shape" type="Part::PropertyPartShape">
      <Part HasherIndex="0" ElementMap="1.15.70200.3.0" brep="1">
<![CDATA[

CASCADE Topology V1, (c) Matra-Datavision
Locations 34
1
              0              -0               1               0 
              1               0               0               0 
             -0               1               0               0 
1
              1               0               0               0 
              0               1               0               0 
              0               0               1               0 
1
              0              -0               1               0 
              1               0               0               0 
             -0               1               0               0 
1
             -0               0               1               0 
              1              -0               0               0 
              0               1              -0               0 
2  3 1 4 -1 0
1
              1               0               0               0 
              0               1               0               0 
              0               0               1               0 
1
              0              -0               1               0 
              1               0              -0               0 
             -0               1               0               0 
1
             -0               0               1               0 
              1              -0               0               0 
              0               1              -0               0 
2  6 1 7 1 8 -1 3 1 4 -1 0
1
             -0               0               1               0 
              1              -0               0               0 
              0               1              -0               0 
1
              0              -0               1               0 
              1               0              -0               0 
             -0               1               0               0 
1
              1               0               0               0 
              0               1               0               0 
              0               0               1               0 
2  10 1 11 -1 12 -1 0
1
             -0               0               1               0 
              1              -0               0               0 
              0               1              -0               0 
1
              0              -0               1               0 
              1               0              -0               0 
             -0               1               0               0 
1
              1               0               0               0 
              0               1               0               0 
              0               0               1               0 
2  14 1 15 -1 16 -1 0
1
             -0               0               1               0 
              1              -0               0               0 
              0               1              -0               0 
1
              0              -0               1               0 
              1               0              -0               0 
             -0               1               0               0 
1
              1               0               0               0 
              0               1               0               0 
              0               0               1               0 
2  18 1 19 -1 20 -1 0
1
             -0               0               1               0 
              1              -0               0               0 
              0               1              -0               0 
1
              0              -0               1               0 
              1               0              -0               0 
             -0               1               0               0 
1
              1               0               0               0 
              0               1               0               0 
              0               0               1               0 
2  22 1 23 -1 24 -1 0
2  8 1 7 -1 6 -1 0
2  6 1 7 1 8 -1 0
2  3 1 4 -1 2 1 0
2  2 -1 0
1
              1              -0               0               0 
              0               1              -0               0 
             -0               0               1               0 
1
              0              -1              -0               0 
              1               0               0               0 
             -0               0               1               0 
2  30 1 31 1 0
2  6 1 7 1 8 -1 3 1 4 -1 2 1 0
2  31 -1 30 -1 0
Curve2ds 110
7 0 0  1 2 2  -0.1699608677261249 0  5.099102259963078 0 
 0 2 4.9291413922369554 2
7 0 0  1 2 2  -0.1699608677261249 0  5.099102259963078 0 
 0 2 4.9291413922369554 2
7 0 0  1 2 2  -0.1699608677261249 0  5.099102259963078 0 
 0 2 4.9291413922369554 2
1 0 0 1 0 
1 -2.4645706961184737 -2.4656789158387409 1 1.8599999999999999e-15 
1 0 0 1 0 
1 -2.4645706961184755 -2.4630502602781443 1 1.35e-15 
1 0 0 0 1 
1 4.9291413922370788 0 0 1 
7 0 0  1 2 2  -2.4645706961184755 -2.4630502602781448  -1.8340346074400697 2.4630502602781386 
 0 2 1 2
1 4.9291413922369554 0 0 1 
1 0 0 0 1 
7 0 0  1 2 2  2.4645706961184799 -2.4630502602781377  1.8340346074400644 2.463050260278143 
 0 2 1 2
7 0 0  1 2 2  0 1  4.9291413922369554 1 
 0.6305360886784106 2 4.2986053035585448 2
1 -2.4645706961184803 2.4630502602781377 1 1.3299999999999999e-15 
3 4.25e-15 -0.81435749267253654 2.2200000000000002e-15 -1 1 2.2200000000000002e-15 1.051462224238267 1
7 0 0  8 23 4  7.4899999999999998e-15 -12.528178136580406  0.19634954084936967 -12.528178136580406  0.39269908169869139 -12.513861685934948  0.58904862254798118 -12.485230515348462  0.78539816339753088 -12.443456841605439  0.98174770424700597 -12.390904773661362  1.1780972450961817 -12.330853884636863  1.3744467859455347 -12.267056273515744  1.86532063806894 -12.107561690595132  2.1598449493421867 -12.011864594056533  2.4543692606021068 -11.928819838249183  2.7488935719029541 -11.871061738565913  3.0434178831455938 -11.847776061018521  3.3379421944382557 -11.860947051090989  3.6324665057131988 -11.905837699112727  4.2215151282612853 -12.04117334048755  4.5160394395288677 -12.13161882426175  4.8105637508306245 -12.235890854150057  5.1050880620496173 -12.340858819588902  5.3996123733886634 -12.431547840278654  5.6941366846258461 -12.495966003281865  5.9886609959055308 -12.528178136580404  6.2831853071795738 -12.528178136580404 
 3.1415926535897922 9 4.7123889803846897 7 7.0685834705770327 7 9.4247779607693793 9
7 0 0  1 2 2  -0.16996086772612393 0  5.0991022599619908 0 
 0 2 4.9291413922370779 2
7 0 0  1 2 2  -0.16996086772612393 0  5.0991022599619908 0 
 0 2 4.9291413922370779 2
7 0 0  1 2 2  -0.16996086772612393 0  5.0991022599619908 0 
 0 2 4.9291413922370779 2
1 0 0 1 0 
1 -2.4645706961146439 -2.4656789158437538 1 2.0356900000000002e-12 
1 0 0 1 0 
7 0 0  1 2 2  -0.16996086772491253 0  5.0991022599645888 0 
 0 2 4.929141392240032 2
7 0 0  1 2 2  -0.16996086772491253 0  5.0991022599645888 0 
 0 2 4.929141392240032 2
7 0 0  1 2 2  -0.16996086772491253 0  5.0991022599645888 0 
 0 2 4.929141392240032 2
1 0 0 1 0 
1 -2.4645706961188667 -2.4656789158402175 1 6.0055e-13 
1 0 0 1 0 
1 -2.4645706961188569 -2.463050260279632 1 6.0497e-13 
7 0 0  1 2 2  -0.16996086772455724 0  5.0991022599933453 0 
 0 2 4.9291413922629408 2
7 0 0  1 2 2  -0.16996086772455724 0  5.0991022599933453 0 
 0 2 4.9291413922629408 2
7 0 0  1 2 2  -0.16996086772455724 0  5.0991022599933453 0 
 0 2 4.9291413922629408 2
1 0 0 1 0 
1 -2.4645706961502745 -2.4656789158145154 1 -9.8277599999999993e-12 
1 0 0 1 0 
7 0 0  1 2 2  -0.16996086773040353 0  5.0991022599774922 0 
 0 2 4.9291413922546425 2
7 0 0  1 2 2  -0.16996086773040353 0  5.0991022599774922 0 
 0 2 4.9291413922546425 2
7 0 0  1 2 2  -0.16996086773040353 0  5.0991022599774922 0 
 0 2 4.9291413922546425 2
1 0 0 1 0 
1 -2.4645706961030314 -2.4656789158700243 1 1.269506e-11 
1 0 0 1 0 
1 -2.4645706961027956 -2.4630502603096902 1 1.2801349999999999e-11 
7 0 0  1 2 2  -0.16996086772285204 0  5.0991022599793183 0 
 0 2 4.9291413922519478 2
7 0 0  1 2 2  -0.16996086772285204 0  5.0991022599793183 0 
 0 2 4.9291413922519478 2
7 0 0  1 2 2  -0.16996086772285204 0  5.0991022599793183 0 
 0 2 4.9291413922519478 2
1 0 0 1 0 
1 -2.4645706961405152 -2.4656789158200056 1 -7.6000099999999992e-12 
1 0 0 1 0 
7 0 0  1 2 2  -0.16996086772737182 0  5.099102259964944 0 
 0 2 4.929141392240032 2
7 0 0  1 2 2  -0.16996086772737182 0  5.099102259964944 0 
 0 2 4.929141392240032 2
7 0 0  1 2 2  -0.16996086772737182 0  5.099102259964944 0 
 0 2 4.929141392240032 2
1 0 0 1 0 
1 -2.4645706961121112 -2.4656789158489194 1 4.1313500000000002e-12 
1 0 0 1 0 
1 -2.4645706961120335 -2.4630502602884099 1 4.1664699999999997e-12 
7 0 0  1 2 2  -0.16996086772491384 0  5.0991022599632014 0 
 0 2 4.9291413922370788 2
7 0 0  1 2 2  -0.16996086772491384 0  5.0991022599632014 0 
 0 2 4.9291413922370788 2
7 0 0  1 2 2  -0.16996086772491384 0  5.0991022599632014 0 
 0 2 4.9291413922370788 2
1 0 0 1 0 
1 -2.4645706961224305 -2.4656789158337253 1 -2.0334699999999998e-12 
1 0 0 1 0 
7 0 0  1 2 2  0 1  4.9291413922370788 1 
 0.63053608867392164 2 4.2986053035586691 2
1 4.929141392240032 0 0 1 
1 0 0 0 1 
7 0 0  1 2 2  2.4645706961279985 -2.463050260267873  1.8340346074335534 2.4630502602857822 
 0 2 1 2
1 4.9291413922370779 0 0 1 
1 0 0 0 1 
7 0 0  1 2 2  -2.4645706961188574 -2.4630502602796316  -1.8340346074479152 2.4630502602770319 
 0 2 1 2
7 0 0  1 2 2  0 1  4.9291413922370779 1 
 0.63053608867841104 2 4.2986053035631553 2
7 0 0  1 2 2  0 1  4.929141392240032 1 
 0.63053608867392152 2 4.2986053035674336 2
1 -2.4645706961218368 2.4630502602766504 1 6.0499000000000003e-13 
7 0 0  1 2 2  0 1  4.9291413922629408 1 
 0.63053608867259925 2 4.2986053035686513 2
7 0 0  1 2 2  0 1  4.9291413922546425 1 
 0.63053608869428956 2 4.2986053035883733 2
1 -2.4645706961658571 2.4630502602465909 1 1.2801380000000001e-11 
7 0 0  1 2 2  0 1  4.9291413922519478 1 
 0.6305360886662702 2 4.298605303568908 2
7 0 0  1 2 2  0 1  4.929141392240032 1 
 0.63053608868304034 2 4.298605303566112 2
1 -2.4645706961325589 2.4630502602678717 1 4.1664600000000004e-12 
1 0 0 0 -1 
1 6.2831853071795862 0 0 -1 
7 0 0  7 8 2  4.7123889803846897 -16.643784356654812  4.9367884556411035 -16.643784356654812  5.1611879308975332 -16.702533029266306  5.3855874061537961 -16.820021852028731  5.6099868814102578 -16.989037530880523  5.834386356666748 -17.194986317335861  6.058785831923176 -17.4193848813984  6.2831853071795898 -17.643784356654812 
 0 8 1.5707963267948966 8
7 0 0  7 8 2  1.570796326794893 -16.643784356654812  1.3463968515384792 -16.643784356654812  1.1219973762820814 -16.702533029266306  0.89759790102573334 -16.820021852028731  0.67319842576921474 -16.989037530880523  0.44879895051286667 -17.194986317335861  0.22439947525641737 -17.4193848813984  3.6099999999999999e-15 -17.643784356654812 
 0 8 1.5707963267948966 8
7 0 0  7 8 2  3.1415926535897891 -17.643784356654812  3.3659921288462029 -17.4193848813984  3.5903916041025923 -17.194986317338135  3.8147910793577466 -16.989037530869609  4.0391905546152884 -16.820021852041464  4.2635900298719207 -16.702533029260849  4.4879895051282759 -16.643784356654812  4.7123889803846897 -16.643784356654812 
 4.7123889803846897 8 6.2831853071795862 8
7 0 0  7 8 2  3.1415926535897887 -17.643784356654812  2.9171931783333749 -17.4193848813984  2.6927937030766316 -17.194986317338135  2.4683942278213635 -16.989037530869609  2.2439947525638217 -16.820021852041464  2.019595277308099 -16.702533029260849  1.7951958020513072 -16.643784356654812  1.5707963267948934 -16.643784356654812 
 4.7123889803846897 8 6.2831853071795862 8
7 0 0  7 8 2  1.5707963267948966 -16.643784356654812  1.7951958020513104 -16.643784356654812  2.0195952773076442 -16.702533029266306  2.2439947525645039 -16.820021852028731  2.4683942278209088 -16.989037530880523  2.6927937030768589 -17.194986317335861  2.9171931783333753 -17.4193848813984  3.1415926535897891 -17.643784356654812 
 0 8 1.5707963267948966 8
7 0 0  7 8 2  1.5707963267948926 -18.643784356654812  1.7951958020513064 -18.643784356654812  2.0195952773076442 -18.585035684045579  2.2439947525649586 -18.467546861284063  2.468394227820454 -18.298531182428633  2.6927937030768589 -18.092582395974205  2.9171931783333749 -17.868183831911225  3.1415926535897887 -17.643784356654812 
 0 8 1.5707963267948966 8
7 0 0  7 8 2  3.6199999999999997e-15 -17.643784356654812  0.22439947525641743 -17.4193848813984  0.44879895051286667 -17.194986317338135  0.67319842576921474 -16.989037530869609  0.89759790102584702 -16.820021852041464  1.1219973762821382 -16.702533029260849  1.3463968515384825 -16.643784356654812  1.5707963267948963 -16.643784356654812 
 4.7123889803846897 8 6.2831853071795862 8
7 0 0  7 8 2  3.3699999999999999e-15 -17.643784356654812  0.22439947525641715 -17.868183831911225  0.44879895051289509 -18.092582395974205  0.67319842576932842 -18.298531182428633  0.89759790102596071 -18.467546861284063  1.1219973762820814 -18.585035684044669  1.3463968515384785 -18.643784356654812  1.5707963267948923 -18.643784356654812 
 4.7123889803846897 8 6.2831853071795862 8
1 4.929141392240032 0 0 1 
1 0 0 0 1 
7 0 0  1 2 2  2.4645706961211751 -2.46305026027665  1.8340346074455971 2.4630502602792514 
 0 2 1 2
3 -2.2621099999999999e-12 -0.81435749267254121 1.107021e-11 -1 1 1.107021e-11 1.0514622242382672 1
7 0 0  8 23 4  2.11e-15 -12.528178136579463  0.19634954084936407 -12.528178136580099  0.39269908169860474 -12.513861685936599  0.58904862254815171 -12.485230515345904  0.78539816339741719 -12.443456841606348  0.98174770424668267 -12.390904773665568  1.1780972450962448 -12.330853884636753  1.3744467859455307 -12.267056273518037  1.8653206380689358 -12.107561690597423  2.1598449493376393 -12.011864594065628  2.4543692606275727 -11.928819838212803  2.7488935718447465 -11.871061738624121  3.0434178831783356 -11.847776060989418  3.3379421944350725 -11.860947051094627  3.6324665057131966 -11.905837699110171  4.2215151282612826 -12.041173340483647  4.5160394395352341 -12.131618824245379  4.8105637507978827 -12.235890854171885  5.1050880620678072 -12.340858819508867  5.3996123733450077 -12.431547840315034  5.6941366846331221 -12.495966003270951  5.9886609959055317 -12.528178136578511  6.2831853071795747 -12.528178136579463 
 3.1415926535798393 9 4.7123889803747323 7 7.0685834705670789 7 9.4247779607594246 9
1 4.9291413922629408 0 0 1 
1 0 0 0 1 
7 0 0  1 2 2  -2.464570696102796 -2.4630502603096902  -1.8340346074715668 2.4630502602546631 
 0 2 1 2
1 4.9291413922546425 0 0 1 
1 0 0 0 1 
7 0 0  1 2 2  2.464570696151847 -2.4630502602465905  1.8340346074225162 2.4630502603016193 
 0 2 1 2
3 2.495935e-11 -0.81435749267254565 1.9094420000000001e-11 1 -1 1.9094420000000001e-11 1.0514622242382672 1
7 0 0  8 23 4  6.2831853072099211 -22.759390576752487  6.0868357663605588 -22.759390576752487  5.8904862255112462 -22.773707027396515  5.6941366846619594 -22.802338197985932  5.4977871438124097 -22.844111871727364  5.3014376029629453 -22.896663939670361  5.1050880621137757 -22.956714828698352  4.9087385212643868 -23.020512439817153  4.4178646691409815 -23.180007022737765  4.1233403578660486 -23.275704119267175  3.8288160466065833 -23.358748875063611  3.5342917353166499 -23.41650697478326  3.2397674240485443 -23.439792652250617  2.9452431127695249 -23.426621662245452  2.6507188014967227 -23.381731014220172  2.0616701789486367 -23.246395372845349  1.7671458676789129 -23.155949889085605  1.4726215564089884 -23.051677859053598  1.1780972451408829 -22.946709893934894  0.88357293386368241 -22.856020872903173  0.58904862257738699 -22.791602710072766  0.29452431130437784 -22.759390576752491  3.0334850000000002e-11 -22.759390576752491 
 0 9 1.5707963267948972 7 3.9269908169872423 7 6.2831853071795862 9
1 4.9291413922519478 0 0 1 
1 0 0 0 1 
7 0 0  1 2 2  -2.4645706961120335 -2.4630502602884103  -1.834034607449518 2.4630502602704993 
 0 2 1 2
3 3.5452699999999999e-12 -0.81435749267254209 6.2964400000000002e-12 1 -1 6.2964400000000002e-12 1.0514622242382674 1
7 0 0  8 23 4  6.2831853071895418 -22.759390576730155  6.0868357663401804 -22.759390576730155  5.8904862254908679 -22.773707027375242  5.6941366846415988 -22.802338197959898  5.4977871437922303 -22.844111871705536  5.3014376029427552 -22.896663939650352  5.1050880620933121 -22.95671482867094  4.9087385212440084 -23.020512439794814  4.4178646691206032 -23.180007022715429  4.1233403578492229 -23.275704119227157  3.8288160465647465 -23.358748875078163  3.5342917353166499 -23.416506974695949  3.2397674240158025 -23.439792652250617  2.945243112754973 -23.426621662179969  2.6507188014763319 -23.381731014197836  2.0616701789282459 -23.246395372823013  1.7671458676511733 -23.155949889001931  1.4726215563926175 -23.051677859242773  1.1780972450899512 -22.946709893541993  0.88357293383821656 -22.856020873063244  0.58904862255646862 -22.791602709989093  0.29452431128399947 -22.759390576730155  9.9564799999999992e-12 -22.759390576730155 
 0 9 1.5707963267949026 7 3.9269908169872441 7 6.2831853071795862 9
7 0 0  7 14 3  3.1415926535897891 -17.643784356654812  3.3659921288462029 -17.868183831911225  3.5903916041021589 -18.092582395973295  3.8147910793607238 -18.298531182430452  4.0391905546144002 -18.467546861282244  4.2635900298723968 -18.585035684045579  4.4879895051282759 -18.643784356654812  4.9367884556411035 -18.643784356654812  5.1611879308976469 -18.585035684045579  5.3855874061535687 -18.467546861284063  5.6099868814104852 -18.298531182428633  5.834386356666748 -18.092582395974205  6.058785831923176 -17.868183831911225  6.2831853071795898 -17.643784356654812 
 1.5707963267948966 8 3.1415926535897931 6 4.7123889803846897 8
7 0 0  7 14 3  3.1415926535897887 -17.643784356654812  3.3659921288462025 -17.4193848813984  3.5903916041029547 -17.194986317338135  3.8147910793568585 -16.989037530869609  4.0391905546159919 -16.820021852037826  4.2635900298714873 -16.702533029260849  4.4879895051282794 -16.643784356654812  4.936788455641107 -16.643784356654812  5.1611879308975617 -16.702533029266306  5.3855874061538529 -16.820021852028731  5.6099868814102578 -16.989037530880523  5.834386356666748 -17.194986317335861  6.058785831923176 -17.4193848813984  6.2831853071795898 -17.643784356654812 
 1.5707963267948966 8 3.1415926535897931 6 4.7123889803846897 8
7 0 0  7 14 3  3.7499999999999998e-15 -17.643784356654812  0.22439947525641751 -17.868183831911225  0.44879895051283825 -18.092582395974205  0.6731984257695558 -18.298531182428633  0.89759790102527859 -18.467546861284063  1.1219973762820814 -18.585035684044669  1.3463968515384828 -18.643784356654812  1.7951958020513104 -18.643784356654812  2.0195952773076442 -18.585035684045579  2.2439947525645039 -18.467546861284063  2.4683942278209088 -18.298531182428633  2.6927937030768589 -18.092582395974205  2.9171931783333753 -17.868183831911225  3.1415926535897891 -17.643784356654812 
 1.5707963267948966 8 3.1415926535897931 6 4.7123889803846897 8
7 0 0  7 14 3  6.2831853071795898 -17.643784356654812  6.058785831923176 -17.868183831911225  5.834386356666748 -18.092582395974205  5.6099868814103715 -18.298531182428633  5.3855874061539666 -18.467546861284063  5.1611879308975048 -18.585035684044669  4.936788455641107 -18.643784356654812  4.4879895051282794 -18.643784356654812  4.2635900298714873 -18.585035684045579  4.0391905546164466 -18.467546861284063  3.8147910793579953 -18.298531182428633  3.5903916041029547 -18.092582395974205  3.3659921288462025 -17.868183831911225  3.1415926535897887 -17.643784356654812 
 1.5707963267948966 8 3.1415926535897931 6 4.7123889803846897 8
Curves 35
1 2.4645706961184772 5.9500000000005082 0 -1 0 0 
7 0 0  1 2 2  2.464570696118479 5.9500000000005082 -2.0999999999999998e-15  1.8340346074400653 4.4277512231493432 4.6849999999999978 
 0 2 1 2
7 0 0  1 2 2  -2.4645706961184763 5.95000000000051 -3.1900000000000002e-15  -1.8340346074400689 4.427751223149345 4.6849999999999969 
 0 2 1 2
1 2.4645706961184759 4.4277512231493432 4.6849999999999978 -1 4.4e-16 -2.4e-16 
3 -3.06e-15 5.4405259163073101 1.5679999999999965 3.7e-16 0.95105651629515375 0.30901699437494701 -4.100000000000001e-16 0.30901699437494701 -0.95105651629515375 -1 2.2519394333547854e-16 5.0426945959974352e-16 1.051462224238267 1
1 -2.4645706961184781 5.9500000000005082 0 -0.70710678118591075 -0.70710678118718429 0 
1 -5.9499999999934774 2.4645706961192313 0 -3.23368e-12 -1 0 
1 -5.9500000000094166 -2.4645706961208012 0 0.70710678118028891 -0.70710678119280612 0 
1 -2.4645706961438409 -5.9500000000480764 0 1 9.8567099999999995e-12 0 
1 2.464570696110802 -5.9499999999994913 0 0.70710678118856862 0.70710678118452652 0 
1 5.9500000000094166 -2.4645706961208007 0 -3.23368e-12 1 0 
1 5.9499999999934774 2.4645706961192313 0 -0.70710678118591086 0.70710678118718429 0 
1 4.8736075672281203 1.3881782633558128 4.6850000000000005 -0.70710678118591064 0.70710678118718451 -5.0000000000000004e-16 
7 0 0  1 2 2  5.9499999999934783 2.4645706961192282 2.2999999999999999e-16  4.4277512231443499 1.8340346074403873 4.6849999999999996 
 0 2 1 2
7 0 0  1 2 2  -5.9499999999934774 2.4645706961192348 -2.4199999999999999e-15  -4.4277512231443517 1.8340346074403917 4.6849999999999978 
 0 2 1 2
1 -1.3881782633531234 4.8736075672370927 4.6849999999999969 -0.70710678118591097 -0.70710678118718406 1.5e-16 
1 -4.4277512231423133 2.464570696114313 4.6849999999999978 -3.2339000000000002e-12 -1 4.5999999999999998e-16 
1 -4.8736075672355055 -1.3881782633659379 4.6849999999999987 0.7071067811802888 -0.70710678119280646 5.0000000000000004e-16 
1 -2.4645706961588485 -4.4277512231969096 4.6850000000000014 1 9.8562700000000008e-12 2.4e-16 
1 1.3881782633494888 -4.8736075672320283 4.6850000000000023 0.70710678118856884 0.7071067811845263 -1.5e-16 
1 4.427751223158249 -2.4645706961257248 4.6850000000000014 -3.2334500000000001e-12 1 -4.5999999999999998e-16 
1 -5.6999999999999999e-16 17.643784356654809 2.5679999999999965 0 -1 2.2e-16 
3 -3.5000000000000002e-16 -3.5500000000000001e-15 1.5679999999999965 0.70710678118654768 0.70710678118654735 8.0000000000000006e-17 -0.70710678118654735 0.70710678118654768 -8.0000000000000006e-17 -1.1313708498984761e-16 2.4651903288156619e-32 1 1.4142135623730949 1
3 -3.5000000000000002e-16 -3.5500000000000001e-15 1.5679999999999965 0.70710678118654768 0.70710678118654735 8.0000000000000006e-17 -0.70710678118654735 0.70710678118654768 -8.0000000000000006e-17 -1.1313708498984761e-16 2.4651903288156619e-32 1 1.4142135623730949 1
3 -3.5000000000000002e-16 -3.5500000000000001e-15 1.5679999999999965 -0.70710678118654735 0.70710678118654768 -8.0000000000000006e-17 0.70710678118654768 0.70710678118654735 8.0000000000000018e-17 1.1313708498984764e-16 -2.4651903288156619e-32 -1 1.4142135623730951 1
3 -3.5000000000000002e-16 -3.5500000000000001e-15 1.5679999999999965 -0.70710678118654735 0.70710678118654768 -8.0000000000000006e-17 0.70710678118654768 0.70710678118654735 8.0000000000000018e-17 1.1313708498984764e-16 -2.4651903288156619e-32 -1 1.4142135623730951 1
7 0 0  1 2 2  -5.9500000000094175 -2.4645706961207976 -2.2999999999999999e-16  -4.4277512231562142 -1.8340346074531206 4.6849999999999996 
 0 2 1 2
3 -5.4405259163082551 -3.1400000000000001e-15 1.5679999999999963 -0.95105651629515375 3.0760099999999999e-12 0.30901699437494717 -0.30901699437494717 -9.4666199999999995e-12 -0.95105651629515375 -1.1289539929347244e-16 -1 9.9538300031573074e-12 1.0514622242382672 1
7 0 0  1 2 2  -2.4645706961438432 -5.9500000000480755 2.0999999999999998e-15  -1.8340346074645582 -4.4277512231906933 4.6850000000000005 
 0 2 1 2
7 0 0  1 2 2  2.4645706961107998 -5.949999999999493 3.1900000000000002e-15  1.8340346074295248 -4.4277512231545417 4.6850000000000023 
 0 2 1 2
3 -5.4700000000000001e-15 -5.4405259163305892 1.5679999999999965 9.3736699999999996e-12 -0.95105651629515353 0.30901699437494784 2.8849920000000002e-11 0.30901699437494784 0.95105651629515353 -1 2.2563125730325395e-16 3.0334527740256489e-11 1.0514622242382672 1
7 0 0  1 2 2  5.9500000000094166 -2.4645706961208038 2.4199999999999999e-15  4.4277512231562106 -1.8340346074426841 4.6850000000000014 
 0 2 1 2
3 5.4405259163082498 -4.3500000000000001e-15 1.5679999999999976 0.95105651629515353 3.0750799999999999e-12 0.30901699437494784 -0.30901699437494784 9.4644899999999994e-12 0.95105651629515353 -1.1338096284939959e-16 -1 9.9515168669728303e-12 1.0514622242382674 1
3 -3.5000000000000002e-16 -3.5500000000000001e-15 1.5679999999999965 -0.70710678118654735 0.70710678118654768 -8.0000000000000006e-17 0.70710678118654768 0.70710678118654735 8.0000000000000018e-17 1.1313708498984764e-16 -2.4651903288156619e-32 -1 1.4142135623730951 1
3 -3.5000000000000002e-16 -3.5500000000000001e-15 1.5679999999999965 0.70710678118654768 0.70710678118654735 8.0000000000000006e-17 -0.70710678118654735 0.70710678118654768 -8.0000000000000006e-17 -1.1313708498984761e-16 2.4651903288156619e-32 1 1.4142135623730949 1
Polygon3D 0
PolygonOnTriangulations 0
Surfaces 63
1 -3.2999999999999999e-16 5.188875611574927 2.3424999999999976 3.2999999999999999e-16 0.95105651629515364 0.30901699437494728 -1 8.4077830448220209e-16 -1.5197471135440663e-15 -1.7051801800435893e-15 -0.30901699437494728 0.95105651629515364 
9 0 0 0 0 1 1 2 2 2 2 2.464570696118479 5.9500000000005082 -2.0999999999999998e-15  2.6345315638446016 6.3603218319370924 4.6899999999999977  
-2.4645706961184763 5.95000000000051 -3.1900000000000002e-15  -2.6345315638446012 6.3603218319370951 4.6899999999999968  

-0.1699608677261249 2
5.099102259963078 2

0 2
1 2

1 2.464570696118479 5.9500000000005082 -2.0999999999999998e-15 -2.2e-16 4.4e-16 1 -0.38268343236524655 -0.92387953251122179 3.2231663918458337e-16 0.92387953251122179 -0.38268343236524655 3.7163420739317731e-16 
9 0 0 0 0 1 1 2 2 2 2 2.464570696118479 5.9500000000005082 -2.0999999999999998e-15  2.6345315638446016 6.3603218319370924 4.6899999999999977  
-2.4645706961184763 5.95000000000051 -3.1900000000000002e-15  -2.6345315638446012 6.3603218319370951 4.6899999999999968  

-0.1699608677261249 2
5.099102259963078 2

0 2
1 2

1 2.464570696118479 5.9500000000005082 -2.0999999999999998e-15 -2.2e-16 4.4e-16 1 -0.38268343236524655 -0.92387953251122179 3.2231663918458337e-16 0.92387953251122179 -0.38268343236524655 3.7163420739317731e-16 
9 0 0 0 0 1 1 2 2 2 2 2.464570696118479 5.9500000000005082 -2.0999999999999998e-15  2.6345315638446016 6.3603218319370924 4.6899999999999977  
-2.4645706961184763 5.95000000000051 -3.1900000000000002e-15  -2.6345315638446012 6.3603218319370951 4.6899999999999968  

-0.1699608677261249 2
5.099102259963078 2

0 2
1 2

1 2.464570696118479 5.9500000000005082 -2.0999999999999998e-15 -2.2e-16 4.4e-16 1 -0.38268343236524655 -0.92387953251122179 3.2231663918458337e-16 0.92387953251122179 -0.38268343236524655 3.7163420739317731e-16 
9 0 0 0 0 1 1 2 2 2 2 2.464570696118479 5.9500000000005082 -2.0999999999999998e-15  1.8333616767157555 4.4261266246681785 4.6899999999999986  
-2.4645706961184763 5.95000000000051 -3.1900000000000002e-15  -1.8333616767157599 4.4261266246681803 4.6899999999999977  

0 2
4.9291413922369554 2

0 2
1 2

1 2.464570696118479 5.9500000000005082 -2.0999999999999998e-15 -2.2e-16 4.4e-16 1 -0.38268343236524655 -0.92387953251122179 3.2231663918458337e-16 0.92387953251122179 -0.38268343236524655 3.7163420739317731e-16 
1 -5.6000000000000003e-16 5.1880633123343447 2.344999999999998 3.2000000000000002e-16 0.95105651629515364 0.30901699437494717 -1 9.8959885155278509e-16 -2.0101303410316136e-15 -2.2175504221844571e-15 -0.30901699437494717 0.95105651629515364 
9 0 0 0 0 1 1 2 2 2 2 2.464570696118479 5.9500000000005082 -2.0999999999999998e-15  1.8340346074400653 4.4277512231493432 4.6849999999999978  
-2.4645706961184763 5.95000000000051 -3.1900000000000002e-15  -1.8340346074400689 4.427751223149345 4.6849999999999969  

0 2
4.9291413922369554 2

0 2
1 2

1 2.464570696118479 5.9500000000005082 -2.0999999999999998e-15 -2.2e-16 4.4e-16 1 -0.38268343236524655 -0.92387953251122179 3.2231663918458337e-16 0.92387953251122179 -0.38268343236524655 3.7163420739317731e-16 
9 0 0 0 0 1 1 2 2 2 2 5.9499999999934792 2.4645706961192291 2.2999999999999999e-16  4.4277512231443499 1.8340346074403868 4.6850000000000005  
2.4645706961184808 5.9500000000005064 -2.0999999999999998e-15  1.8340346074400653 4.4277512231493432 4.6849999999999987  

0 2
4.9291413922370788 2

0 2
1 2

9 0 0 0 0 1 1 2 2 2 2 -2.4645706961184772 5.95000000000051 -3.1900000000000002e-15  -1.8340346074400689 4.427751223149345 4.6849999999999969  
-5.9499999999934774 2.4645706961192348 -2.4199999999999999e-15  -4.4277512231443517 1.8340346074403917 4.6849999999999978  

0 2
4.9291413922370779 2

0 2
1 2

1 1.8340346074400653 4.4277512231493432 4.6849999999999978 -2e-16 4.8000000000000001e-16 1 -0.38268343236530877 -0.92387953251119614 3.6692548913231242e-16 0.92387953251119614 -0.38268343236530877 3.6846395403758743e-16 
2 -3.5000000000000002e-16 17.643784356654809 1.5679999999999965 2.2e-16 1 0 -2.2e-16 4.8400000000000002e-32 1 1 -2.2e-16 2.2e-16 1
9 0 0 0 0 1 1 2 2 2 2 -2.4645706961184772 5.95000000000051 -3.1900000000000002e-15  -2.6345315638446016 6.3603218319370951 4.6899999999999968  
-5.9499999999934774 2.4645706961192348 -2.4199999999999999e-15  -6.3603218319295127 2.6345315638454756 4.6899999999999977  

-0.16996086772612393 2
5.0991022599619908 2

0 2
1 2

9 0 0 0 0 1 1 2 2 2 2 -2.4645706961184772 5.95000000000051 -3.1900000000000002e-15  -2.6345315638446016 6.3603218319370951 4.6899999999999968  
-5.9499999999934774 2.4645706961192348 -2.4199999999999999e-15  -6.3603218319295127 2.6345315638454756 4.6899999999999977  

-0.16996086772612393 2
5.0991022599619908 2

0 2
1 2

9 0 0 0 0 1 1 2 2 2 2 -2.4645706961184772 5.95000000000051 -3.1900000000000002e-15  -2.6345315638446016 6.3603218319370951 4.6899999999999968  
-5.9499999999934774 2.4645706961192348 -2.4199999999999999e-15  -6.3603218319295127 2.6345315638454756 4.6899999999999977  

-0.16996086772612393 2
5.0991022599619908 2

0 2
1 2

