<?xml version='1.0' encoding='utf-8'?>
<!-- FreeCAD DocumentObject -->
<Document SchemaVersion="4" FileVersion="2">
<Object name="Sketch001" Extensions="True">
  <Extensions Count="1">
    <Extension type="Part::AttachExtension" name="AttachExtension">
    </Extension>
  </Extensions>
  <Properties Count="19" TransientCount="1">
    <_Property name="_ElementMapVersion" type="App::PropertyString" status="234881024"/>
    <Property name="AttacherType" type="App::PropertyString" status="8">
      <String value="Attacher::AttachEnginePlane"/>
    </Property>
    <Property name="AttachmentOffset" type="App::PropertyPlacement">
      <PropertyPlacement Px="0" Py="0" Pz="0" Q0="0" Q1="0" Q2="0" Q3="1" A="0" Ox="0" Oy="0" Oz="1"/>
    </Property>
    <Property name="ColoredElements" type="App::PropertyLinkSubHidden" status="218103808">
      <LinkSub value="" count="0">
      </LinkSub>
    </Property>
    <Property name="Constraints" type="Sketcher::PropertyConstraintList">
      <ConstraintList count="26">
        <Constrain Name="" Type="1" Value="0" First="0" FirstPos="2" Second="1" SecondPos="1" Third="-2000" ThirdPos="0" LabelDistance="10" LabelPosition="0" IsDriving="1" IsInVirtualSpace="0" IsActive="1" />
        <Constrain Name="" Type="1" Value="0" First="1" FirstPos="2" Second="2" SecondPos="1" Third="-2000" ThirdPos="0" LabelDistance="10" LabelPosition="0" IsDriving="1" IsInVirtualSpace="0" IsActive="1" />
        <Constrain Name="" Type="1" Value="0" First="2" FirstPos="2" Second="3" SecondPos="1" Third="-2000" ThirdPos="0" LabelDistance="10" LabelPosition="0" IsDriving="1" IsInVirtualSpace="0" IsActive="1" />
        <Constrain Name="" Type="1" Value="0" First="3" FirstPos="2" Second="4" SecondPos="1" Third="-2000" ThirdPos="0" LabelDistance="10" LabelPosition="0" IsDriving="1" IsInVirtualSpace="0" IsActive="1" />
        <Constrain Name="" Type="1" Value="0" First="4" FirstPos="2" Second="5" SecondPos="1" Third="-2000" ThirdPos="0" LabelDistance="10" LabelPosition="0" IsDriving="1" IsInVirtualSpace="0" IsActive="1" />
        <Constrain Name="" Type="1" Value="0" First="5" FirstPos="2" Second="6" SecondPos="1" Third="-2000" ThirdPos="0" LabelDistance="10" LabelPosition="0" IsDriving="1" IsInVirtualSpace="0" IsActive="1" />
        <Constrain Name="" Type="1" Value="0" First="6" FirstPos="2" Second="7" SecondPos="1" Third="-2000" ThirdPos="0" LabelDistance="10" LabelPosition="0" IsDriving="1" IsInVirtualSpace="0" IsActive="1" />
        <Constrain Name="" Type="1" Value="0" First="7" FirstPos="2" Second="0" SecondPos="1" Third="-2000" ThirdPos="0" LabelDistance="10" LabelPosition="0" IsDriving="1" IsInVirtualSpace="0" IsActive="1" />
        <Constrain Name="" Type="12" Value="0" First="0" FirstPos="0" Second="1" SecondPos="0" Third="-2000" ThirdPos="0" LabelDistance="10" LabelPosition="0" IsDriving="1" IsInVirtualSpace="0" IsActive="1" />
        <Constrain Name="" Type="12" Value="0" First="0" FirstPos="0" Second="2" SecondPos="0" Third="-2000" ThirdPos="0" LabelDistance="10" LabelPosition="0" IsDriving="1" IsInVirtualSpace="0" IsActive="1" />
        <Constrain Name="" Type="12" Value="0" First="0" FirstPos="0" Second="3" SecondPos="0" Third="-2000" ThirdPos="0" LabelDistance="10" LabelPosition="0" IsDriving="1" IsInVirtualSpace="0" IsActive="1" />
        <Constrain Name="" Type="12" Value="0" First="0" FirstPos="0" Second="4" SecondPos="0" Third="-2000" ThirdPos="0" LabelDistance="10" LabelPosition="0" IsDriving="1" IsInVirtualSpace="0" IsActive="1" />
        <Constrain Name="" Type="12" Value="0" First="0" FirstPos="0" Second="5" SecondPos="0" Third="-2000" ThirdPos="0" LabelDistance="10" LabelPosition="0" IsDriving="1" IsInVirtualSpace="0" IsActive="1" />
        <Constrain Name="" Type="12" Value="0" First="0" FirstPos="0" Second="6" SecondPos="0" Third="-2000" ThirdPos="0" LabelDistance="10" LabelPosition="0" IsDriving="1" IsInVirtualSpace="0" IsActive="1" />
        <Constrain Name="" Type="12" Value="0" First="0" FirstPos="0" Second="7" SecondPos="0" Third="-2000" ThirdPos="0" LabelDistance="10" LabelPosition="0" IsDriving="1" IsInVirtualSpace="0" IsActive="1" />
        <Constrain Name="" Type="13" Value="0" First="0" FirstPos="2" Second="8" SecondPos="0" Third="-2000" ThirdPos="0" LabelDistance="10" LabelPosition="0" IsDriving="1" IsInVirtualSpace="0" IsActive="1" />
        <Constrain Name="" Type="13" Value="0" First="1" FirstPos="2" Second="8" SecondPos="0" Third="-2000" ThirdPos="0" LabelDistance="10" LabelPosition="0" IsDriving="1" IsInVirtualSpace="0" IsActive="1" />
        <Constrain Name="" Type="13" Value="0" First="2" FirstPos="2" Second="8" SecondPos="0" Third="-2000" ThirdPos="0" LabelDistance="10" LabelPosition="0" IsDriving="1" IsInVirtualSpace="0" IsActive="1" />
        <Constrain Name="" Type="13" Value="0" First="3" FirstPos="2" Second="8" SecondPos="0" Third="-2000" ThirdPos="0" LabelDistance="10" LabelPosition="0" IsDriving="1" IsInVirtualSpace="0" IsActive="1" />
        <Constrain Name="" Type="13" Value="0" First="4" FirstPos="2" Second="8" SecondPos="0" Third="-2000" ThirdPos="0" LabelDistance="10" LabelPosition="0" IsDriving="1" IsInVirtualSpace="0" IsActive="1" />
        <Constrain Name="" Type="13" Value="0" First="5" FirstPos="2" Second="8" SecondPos="0" Third="-2000" ThirdPos="0" LabelDistance="10" LabelPosition="0" IsDriving="1" IsInVirtualSpace="0" IsActive="1" />
        <Constrain Name="" Type="13" Value="0" First="6" FirstPos="2" Second="8" SecondPos="0" Third="-2000" ThirdPos="0" LabelDistance="10" LabelPosition="0" IsDriving="1" IsInVirtualSpace="0" IsActive="1" />
        <Constrain Name="" Type="13" Value="0" First="7" FirstPos="2" Second="8" SecondPos="0" Third="-2000" ThirdPos="0" LabelDistance="10" LabelPosition="0" IsDriving="1" IsInVirtualSpace="0" IsActive="1" />
        <Constrain Name="" Type="1" Value="0" First="8" FirstPos="3" Second="-1" SecondPos="1" Third="-2000" ThirdPos="0" LabelDistance="10" LabelPosition="0" IsDriving="1" IsInVirtualSpace="0" IsActive="1" />
        <Constrain Name="" Type="2" Value="0" First="0" FirstPos="0" Second="-2000" SecondPos="0" Third="-2000" ThirdPos="0" LabelDistance="10" LabelPosition="0" IsDriving="1" IsInVirtualSpace="0" IsActive="1" />
        <Constrain Name="" Type="8" Value="11.9" First="4" FirstPos="2" Second="0" SecondPos="1" Third="-2000" ThirdPos="0" LabelDistance="1.900863647460938" LabelPosition="0" IsDriving="1" IsInVirtualSpace="0" IsActive="1" />
      </ConstraintList>
    </Property>
    <Property name="Exports" type="App::PropertyLinkListHidden" status="67108864">
      <LinkList count="0">
      </LinkList>
    </Property>
    <Property name="ExpressionEngine" type="App::PropertyExpressionEngine" status="67108864">
      <ExpressionEngine count="0"></ExpressionEngine>
    </Property>
    <Property name="ExternalGeo" type="Part::PropertyGeometryList" status="67108864">
      <GeometryList count="2">
        <Geometry type="Part::GeomLineSegment" id="-1" migrated="1">
          <GeoExtensions count="2">
            <GeoExtension type="Sketcher::SketchGeometryExtension" id="-1" internalGeometryType="0" geometryModeFlags="00000000000000000000000000000010"/>
            <GeoExtension type="Sketcher::ExternalGeometryExtension" Ref="" Flags="0"/>
          </GeoExtensions>
          <LineSegment StartX="0" StartY="0" StartZ="0" EndX="1" EndY="0" EndZ="0"/>
          <Construction value="1"/>
        </Geometry>
        <Geometry type="Part::GeomLineSegment" id="-2" migrated="1">
          <GeoExtensions count="2">
            <GeoExtension type="Sketcher::SketchGeometryExtension" id="-2" internalGeometryType="0" geometryModeFlags="00000000000000000000000000000010"/>
            <GeoExtension type="Sketcher::ExternalGeometryExtension" Ref="" Flags="0"/>
          </GeoExtensions>
          <LineSegment StartX="0" StartY="0" StartZ="0" EndX="0" EndY="1" EndZ="0"/>
          <Construction value="1"/>
        </Geometry>
      </GeometryList>
    </Property>
    <Property name="ExternalGeometry" type="App::PropertyLinkSubList" status="16777216">
      <LinkSubList count="0">
      </LinkSubList>
    </Property>
    <Property name="FullyConstrained" type="App::PropertyBool" status="218103808">
      <Bool value="true"/>
    </Property>
    <Property name="Geometry" type="Part::PropertyGeometryList" status="8192">
      <GeometryList count="9">
        <Geometry type="Part::GeomLineSegment" id="1" migrated="1">
          <GeoExtensions count="1">
            <GeoExtension type="Sketcher::SketchGeometryExtension" id="1" internalGeometryType="0" geometryModeFlags="00000000000000000000000000000000"/>
          </GeoExtensions>
          <LineSegment StartX="2.464570696118477" StartY="5.950000000000508" StartZ="0" EndX="-2.464570696118478" EndY="5.950000000000508" EndZ="0"/>
          <Construction value="0"/>
        </Geometry>
        <Geometry type="Part::GeomLineSegment" id="2" migrated="1">
          <GeoExtensions count="1">
            <GeoExtension type="Sketcher::SketchGeometryExtension" id="2" internalGeometryType="0" geometryModeFlags="00000000000000000000000000000000"/>
          </GeoExtensions>
          <LineSegment StartX="-2.464570696118478" StartY="5.950000000000508" StartZ="0" EndX="-5.949999999993477" EndY="2.464570696119231" EndZ="0"/>
          <Construction value="0"/>
        </Geometry>
        <Geometry type="Part::GeomLineSegment" id="3" migrated="1">
          <GeoExtensions count="1">
            <GeoExtension type="Sketcher::SketchGeometryExtension" id="3" internalGeometryType="0" geometryModeFlags="00000000000000000000000000000000"/>
          </GeoExtensions>
          <LineSegment StartX="-5.949999999993477" StartY="2.464570696119231" StartZ="0" EndX="-5.950000000009417" EndY="-2.464570696120801" EndZ="0"/>
          <Construction value="0"/>
        </Geometry>
        <Geometry type="Part::GeomLineSegment" id="4" migrated="1">
          <GeoExtensions count="1">
            <GeoExtension type="Sketcher::SketchGeometryExtension" id="4" internalGeometryType="0" geometryModeFlags="00000000000000000000000000000000"/>
          </GeoExtensions>
          <LineSegment StartX="-5.950000000009417" StartY="-2.464570696120801" StartZ="0" EndX="-2.464570696143841" EndY="-5.950000000048076" EndZ="0"/>
          <Construction value="0"/>
        </Geometry>
        <Geometry type="Part::GeomLineSegment" id="5" migrated="1">
          <GeoExtensions count="1">
            <GeoExtension type="Sketcher::SketchGeometryExtension" id="5" internalGeometryType="0" geometryModeFlags="00000000000000000000000000000000"/>
          </GeoExtensions>
          <LineSegment StartX="-2.464570696143841" StartY="-5.950000000048076" StartZ="0" EndX="2.464570696110802" EndY="-5.949999999999491" EndZ="0"/>
          <Construction value="0"/>
        </Geometry>
        <Geometry type="Part::GeomLineSegment" id="6" migrated="1">
          <GeoExtensions count="1">
            <GeoExtension type="Sketcher::SketchGeometryExtension" id="6" internalGeometryType="0" geometryModeFlags="00000000000000000000000000000000"/>
          </GeoExtensions>
          <LineSegment StartX="2.464570696110802" StartY="-5.949999999999491" StartZ="0" EndX="5.950000000009417" EndY="-2.464570696120801" EndZ="0"/>
          <Construction value="0"/>
        </Geometry>
        <Geometry type="Part::GeomLineSegment" id="7" migrated="1">
          <GeoExtensions count="1">
            <GeoExtension type="Sketcher::SketchGeometryExtension" id="7" internalGeometryType="0" geometryModeFlags="00000000000000000000000000000000"/>
          </GeoExtensions>
          <LineSegment StartX="5.950000000009417" StartY="-2.464570696120801" StartZ="0" EndX="5.949999999993477" EndY="2.464570696119231" EndZ="0"/>
          <Construction value="0"/>
        </Geometry>
        <Geometry type="Part::GeomLineSegment" id="8" migrated="1">
          <GeoExtensions count="1">
            <GeoExtension type="Sketcher::SketchGeometryExtension" id="8" internalGeometryType="0" geometryModeFlags="00000000000000000000000000000000"/>
          </GeoExtensions>
          <LineSegment StartX="5.949999999993477" StartY="2.464570696119231" StartZ="0" EndX="2.464570696118477" EndY="5.950000000000508" EndZ="0"/>
          <Construction value="0"/>
        </Geometry>
        <Geometry type="Part::GeomCircle" id="9" migrated="1">
          <GeoExtensions count="1">
            <GeoExtension type="Sketcher::SketchGeometryExtension" id="9" internalGeometryType="0" geometryModeFlags="00000000000000000000000000000010"/>
          </GeoExtensions>
          <Circle CenterX="0" CenterY="0" CenterZ="0" NormalX="0" NormalY="0" NormalZ="1" AngleXU="-0" Radius="6.440233591733447"/>
          <Construction value="1"/>
        </Geometry>
      </GeometryList>
    </Property>
    <Property name="Label" type="App::PropertyString" status="134217728">
      <String value="Sketch001"/>
    </Property>
    <Property name="Label2" type="App::PropertyString" status="128">
      <String value=""/>
    </Property>
    <Property name="MapMode" type="App::PropertyEnumeration">
      <Integer value="5"/>
    </Property>
    <Property name="MapPathParameter" type="App::PropertyFloat" status="8">
      <Float value="0"/>
    </Property>
    <Property name="MapReversed" type="App::PropertyBool">
      <Bool value="false"/>
    </Property>
    <Property name="Placement" type="App::PropertyPlacement" status="8388612">
      <PropertyPlacement Px="0" Py="0" Pz="0" Q0="0.4999999999999999" Q1="0.4999999999999999" Q2="0.4999999999999999" Q3="0.5000000000000002" A="2.094395102393195" Ox="0.5773502691896258" Oy="0.5773502691896258" Oz="0.5773502691896258"/>
    </Property>
    <Property name="Shape" type="Part::PropertyPartShape">
      <Part ElementMap="0.15.70200.3" brep="1">
<![CDATA[

CASCADE Topology V1, (c) Matra-Datavision
Locations 21
1
2.22044604925031e-16 -2.22044604925031e-16               1               0 
              1 2.22044604925031e-16 -2.22044604925031e-16               0 
-2.22044604925031e-16               1 2.22044604925031e-16               0 
1
             -0               0               1               0 
              1              -0               0               0 
              0               1              -0               0 
1
              0              -0               1               0 
              1               0              -0               0 
             -0               1               0               0 
1
              1               0               0               0 
              0               1               0               0 
              0               0               1               0 
2  2 1 3 -1 4 -1 0
1
             -0               0               1               0 
              1              -0               0               0 
              0               1              -0               0 
1
              0              -0               1               0 
              1               0              -0               0 
             -0               1               0               0 
1
              1               0               0               0 
              0               1               0               0 
              0               0               1               0 
2  6 1 7 -1 8 -1 0
1
             -0               0               1               0 
              1              -0               0               0 
              0               1              -0               0 
1
              0              -0               1               0 
              1               0              -0               0 
             -0               1               0               0 
1
              1               0               0               0 
              0               1               0               0 
              0               0               1               0 
2  10 1 11 -1 12 -1 0
1
             -0               0               1               0 
              1              -0               0               0 
              0               1              -0               0 
1
              0              -0               1               0 
              1               0              -0               0 
             -0               1               0               0 
1
              1               0               0               0 
              0               1               0               0 
              0               0               1               0 
2  14 1 15 -1 16 -1 0
1
             -0               0               1               0 
              1              -0               0               0 
              0               1              -0               0 
1
              0              -0               1               0 
              1               0              -0               0 
             -0               1               0               0 
1
              1               0               0               0 
              0               1               0               0 
              0               0               1               0 
2  18 1 19 -1 20 -1 0
Curve2ds 52
7 0 0  1 2 2  -0.1699608677261249 0  5.099102259963078 0 
 0 2 4.9291413922369554 2
7 0 0  1 2 2  -0.1699608677261249 0  5.099102259963078 0 
 0 2 4.9291413922369554 2
7 0 0  1 2 2  -0.1699608677261249 0  5.099102259963078 0 
 0 2 4.9291413922369554 2
1 0 0 1 0 
1 -2.4645706961184737 -2.4656789158387409 1 1.8599999999999999e-15 
1 0 0 1 0 
1 -2.4645706961184755 -2.4630502602781443 1 1.35e-15 
7 0 0  1 2 2  -0.16996086772612393 0  5.0991022599619908 0 
 0 2 4.9291413922370779 2
7 0 0  1 2 2  -0.16996086772612393 0  5.0991022599619908 0 
 0 2 4.9291413922370779 2
7 0 0  1 2 2  -0.16996086772612393 0  5.0991022599619908 0 
 0 2 4.9291413922370779 2
1 0 0 1 0 
1 -2.4645706961146439 -2.4656789158437538 1 2.0356900000000002e-12 
1 0 0 1 0 
7 0 0  1 2 2  -0.16996086772491253 0  5.0991022599645888 0 
 0 2 4.929141392240032 2
7 0 0  1 2 2  -0.16996086772491253 0  5.0991022599645888 0 
 0 2 4.929141392240032 2
7 0 0  1 2 2  -0.16996086772491253 0  5.0991022599645888 0 
 0 2 4.929141392240032 2
1 0 0 1 0 
1 -2.4645706961188667 -2.4656789158402175 1 6.0055e-13 
1 0 0 1 0 
1 -2.4645706961188569 -2.463050260279632 1 6.0497e-13 
7 0 0  1 2 2  -0.16996086772455724 0  5.0991022599933453 0 
 0 2 4.9291413922629408 2
7 0 0  1 2 2  -0.16996086772455724 0  5.0991022599933453 0 
 0 2 4.9291413922629408 2
7 0 0  1 2 2  -0.16996086772455724 0  5.0991022599933453 0 
 0 2 4.9291413922629408 2
1 0 0 1 0 
1 -2.4645706961502745 -2.4656789158145154 1 -9.8277599999999993e-12 
1 0 0 1 0 
7 0 0  1 2 2  -0.16996086773040353 0  5.0991022599774922 0 
 0 2 4.9291413922546425 2
7 0 0  1 2 2  -0.16996086773040353 0  5.0991022599774922 0 
 0 2 4.9291413922546425 2
7 0 0  1 2 2  -0.16996086773040353 0  5.0991022599774922 0 
 0 2 4.9291413922546425 2
1 0 0 1 0 
1 -2.4645706961030314 -2.4656789158700243 1 1.269506e-11 
1 0 0 1 0 
1 -2.4645706961027956 -2.4630502603096902 1 1.2801349999999999e-11 
7 0 0  1 2 2  -0.16996086772285204 0  5.0991022599793183 0 
 0 2 4.9291413922519478 2
7 0 0  1 2 2  -0.16996086772285204 0  5.0991022599793183 0 
 0 2 4.9291413922519478 2
7 0 0  1 2 2  -0.16996086772285204 0  5.0991022599793183 0 
 0 2 4.9291413922519478 2
1 0 0 1 0 
1 -2.4645706961405152 -2.4656789158200056 1 -7.6000099999999992e-12 
1 0 0 1 0 
7 0 0  1 2 2  -0.16996086772737182 0  5.099102259964944 0 
 0 2 4.929141392240032 2
7 0 0  1 2 2  -0.16996086772737182 0  5.099102259964944 0 
 0 2 4.929141392240032 2
7 0 0  1 2 2  -0.16996086772737182 0  5.099102259964944 0 
 0 2 4.929141392240032 2
1 0 0 1 0 
1 -2.4645706961121112 -2.4656789158489194 1 4.1313500000000002e-12 
1 0 0 1 0 
1 -2.4645706961120335 -2.4630502602884099 1 4.1664699999999997e-12 
7 0 0  1 2 2  -0.16996086772491384 0  5.0991022599632014 0 
 0 2 4.9291413922370788 2
7 0 0  1 2 2  -0.16996086772491384 0  5.0991022599632014 0 
 0 2 4.9291413922370788 2
7 0 0  1 2 2  -0.16996086772491384 0  5.0991022599632014 0 
 0 2 4.9291413922370788 2
1 0 0 1 0 
1 -2.4645706961224305 -2.4656789158337253 1 -2.0334699999999998e-12 
1 0 0 1 0 
Curves 8
1 2.4645706961184772 5.9500000000005082 0 -1 0 0 
1 -2.4645706961184781 5.9500000000005082 0 -0.70710678118591075 -0.70710678118718429 0 
1 -5.9499999999934774 2.4645706961192313 0 -3.23368e-12 -1 0 
1 -5.9500000000094166 -2.4645706961208012 0 0.70710678118028891 -0.70710678119280612 0 
1 -2.4645706961438409 -5.9500000000480764 0 1 9.8567099999999995e-12 0 
1 2.464570696110802 -5.9499999999994913 0 0.70710678118856862 0.70710678118452652 0 
1 5.9500000000094166 -2.4645706961208007 0 -3.23368e-12 1 0 
1 5.9499999999934774 2.4645706961192313 0 -0.70710678118591086 0.70710678118718429 0 
Polygon3D 0
PolygonOnTriangulations 0
Surfaces 57
9 0 0 0 0 1 1 2 2 2 2 2.464570696118479 5.9500000000005082 -2.0999999999999998e-15  2.6345315638446016 6.3603218319370924 4.6899999999999977  
-2.4645706961184763 5.95000000000051 -3.1900000000000002e-15  -2.6345315638446012 6.3603218319370951 4.6899999999999968  

-0.1699608677261249 2
5.099102259963078 2

0 2
1 2

1 2.464570696118479 5.9500000000005082 -2.0999999999999998e-15 -2.2e-16 4.4e-16 1 -0.38268343236524655 -0.92387953251122179 3.2231663918458337e-16 0.92387953251122179 -0.38268343236524655 3.7163420739317731e-16 
9 0 0 0 0 1 1 2 2 2 2 2.464570696118479 5.9500000000005082 -2.0999999999999998e-15  2.6345315638446016 6.3603218319370924 4.6899999999999977  
-2.4645706961184763 5.95000000000051 -3.1900000000000002e-15  -2.6345315638446012 6.3603218319370951 4.6899999999999968  

-0.1699608677261249 2
5.099102259963078 2

0 2
1 2

1 2.464570696118479 5.9500000000005082 -2.0999999999999998e-15 -2.2e-16 4.4e-16 1 -0.38268343236524655 -0.92387953251122179 3.2231663918458337e-16 0.92387953251122179 -0.38268343236524655 3.7163420739317731e-16 
9 0 0 0 0 1 1 2 2 2 2 2.464570696118479 5.9500000000005082 -2.0999999999999998e-15  2.6345315638446016 6.3603218319370924 4.6899999999999977  
-2.4645706961184763 5.95000000000051 -3.1900000000000002e-15  -2.6345315638446012 6.3603218319370951 4.6899999999999968  

-0.1699608677261249 2
5.099102259963078 2

0 2
1 2

1 2.464570696118479 5.9500000000005082 -2.0999999999999998e-15 -2.2e-16 4.4e-16 1 -0.38268343236524655 -0.92387953251122179 3.2231663918458337e-16 0.92387953251122179 -0.38268343236524655 3.7163420739317731e-16 
9 0 0 0 0 1 1 2 2 2 2 2.464570696118479 5.9500000000005082 -2.0999999999999998e-15  1.8333616767157555 4.4261266246681785 4.6899999999999986  
-2.4645706961184763 5.95000000000051 -3.1900000000000002e-15  -1.8333616767157599 4.4261266246681803 4.6899999999999977  

0 2
4.9291413922369554 2

0 2
1 2

1 2.464570696118479 5.9500000000005082 -2.0999999999999998e-15 -2.2e-16 4.4e-16 1 -0.38268343236524655 -0.92387953251122179 3.2231663918458337e-16 0.92387953251122179 -0.38268343236524655 3.7163420739317731e-16 
1 -5.6000000000000003e-16 5.1880633123343447 2.344999999999998 3.2000000000000002e-16 0.95105651629515364 0.30901699437494717 -1 9.8959885155278509e-16 -2.0101303410316136e-15 -2.2175504221844571e-15 -0.30901699437494717 0.95105651629515364 
9 0 0 0 0 1 1 2 2 2 2 2.464570696118479 5.9500000000005082 -2.0999999999999998e-15  1.8340346074400653 4.4277512231493432 4.6849999999999978  
-2.4645706961184763 5.95000000000051 -3.1900000000000002e-15  -1.8340346074400689 4.427751223149345 4.6849999999999969  

0 2
4.9291413922369554 2

0 2
1 2

1 2.464570696118479 5.9500000000005082 -2.0999999999999998e-15 -2.2e-16 4.4e-16 1 -0.38268343236524655 -0.92387953251122179 3.2231663918458337e-16 0.92387953251122179 -0.38268343236524655 3.7163420739317731e-16 
1 -3.2999999999999999e-16 5.188875611574927 2.3424999999999976 3.2999999999999999e-16 0.95105651629515364 0.30901699437494728 -1 8.4077830448220209e-16 -1.5197471135440663e-15 -1.7051801800435893e-15 -0.30901699437494728 0.95105651629515364 
9 0 0 0 0 1 1 2 2 2 2 -2.4645706961184772 5.95000000000051 -3.1900000000000002e-15  -2.6345315638446016 6.3603218319370951 4.6899999999999968  
-5.9499999999934774 2.4645706961192348 -2.4199999999999999e-15  -6.3603218319295127 2.6345315638454756 4.6899999999999977  

-0.16996086772612393 2
5.0991022599619908 2

0 2
1 2

9 0 0 0 0 1 1 2 2 2 2 -2.4645706961184772 5.95000000000051 -3.1900000000000002e-15  -2.6345315638446016 6.3603218319370951 4.6899999999999968  
-5.9499999999934774 2.4645706961192348 -2.4199999999999999e-15  -6.3603218319295127 2.6345315638454756 4.6899999999999977  

-0.16996086772612393 2
5.0991022599619908 2

0 2
1 2

9 0 0 0 0 1 1 2 2 2 2 -2.4645706961184772 5.95000000000051 -3.1900000000000002e-15  -2.6345315638446016 6.3603218319370951 4.6899999999999968  
-5.9499999999934774 2.4645706961192348 -2.4199999999999999e-15  -6.3603218319295127 2.6345315638454756 4.6899999999999977  

-0.16996086772612393 2
5.0991022599619908 2

0 2
1 2

9 0 0 0 0 1 1 2 2 2 2 -2.4645706961184772 5.95000000000051 -3.1900000000000002e-15  -1.833361676715759 4.4261266246681803 4.6899999999999977  
-5.9499999999934774 2.4645706961192348 -2.4199999999999999e-15  -4.4261266246631905 1.833361676716081 4.6899999999999986  

0 2
4.9291413922370779 2

0 2
1 2

1 -3.6685147493727257 3.6685147493760013 2.3449999999999975 -0.67249851196456278 0.6724985119633522 0.3090169943749469 -0.70710678118635595 -0.7071067811867392 -1.9359236436145007e-12 0.21850801222316749 -0.21850801222565286 0.95105651629515386 
9 0 0 0 0 1 1 2 2 2 2 -2.4645706961184772 5.95000000000051 -3.1900000000000002e-15  -1.8340346074400689 4.427751223149345 4.6849999999999969  
-5.9499999999934774 2.4645706961192348 -2.4199999999999999e-15  -4.4277512231443517 1.8340346074403917 4.6849999999999978  

0 2
4.9291413922370779 2

0 2
1 2

9 0 0 0 0 1 1 2 2 2 2 -5.9499999999934774 2.4645706961192344 -2.4199999999999999e-15  -6.3603218319295127 2.6345315638454752 4.6899999999999977  
-5.9500000000094175 -2.4645706961207976 -2.2999999999999999e-16  -6.3603218319465524 -2.6345315638440261 4.6900000000000004  

-0.16996086772491253 2
5.0991022599645888 2

0 2
1 2

9 0 0 0 0 1 1 2 2 2 2 -5.9499999999934774 2.4645706961192344 -2.4199999999999999e-15  -6.3603218319295127 2.6345315638454752 4.6899999999999977  
-5.9500000000094175 -2.4645706961207976 -2.2999999999999999e-16  -6.3603218319465524 -2.6345315638440261 4.6900000000000004  

-0.16996086772491253 2
5.0991022599645888 2

0 2
1 2

9 0 0 0 0 1 1 2 2 2 2 -5.9499999999934774 2.4645706961192344 -2.4199999999999999e-15  -6.3603218319295127 2.6345315638454752 4.6899999999999977  
-5.9500000000094175 -2.4645706961207976 -2.2999999999999999e-16  -6.3603218319465524 -2.6345315638440261 4.6900000000000004  

-0.16996086772491253 2
5.0991022599645888 2

0 2
1 2

9 0 0 0 0 1 1 2 2 2 2 -5.9499999999934774 2.4645706961192344 -2.4199999999999999e-15  -4.4261266246631896 1.833361676716081 4.6899999999999986  
-5.9500000000094175 -2.4645706961207976 -2.2999999999999999e-16  -4.4261266246750477 -1.8333616767288232 4.6900000000000004  

0 2
4.929141392240032 2

0 2
1 2

1 -5.1880633123352826 -3.5762499999999998e-12 2.3449999999999989 -0.95105651629515375 3.07574e-12 0.30901699437494712 -3.419463298146184e-12 -1 -5.707221775643059e-13 0.30901699437494712 -1.5994613167352702e-12 0.95105651629515375 
9 0 0 0 0 1 1 2 2 2 2 -5.9499999999934774 2.4645706961192344 -2.4199999999999999e-15  -4.4277512231443525 1.8340346074403915 4.6849999999999978  
-5.9500000000094175 -2.4645706961207976 -2.2999999999999999e-16  -4.4277512231562142 -1.8340346074531206 4.6849999999999996  

0 2
4.929141392240032 2

0 2
1 2

1 -5.188875611575865 -3.5731399999999999e-12 2.3424999999999985 -0.95105651629515375 3.0756599999999998e-12 0.30901699437494717 -3.4207526085570787e-12 -1 -5.7494915242842628e-13 0.30901699437494717 -1.6038798275519991e-12 0.95105651629515375 
9 0 0 0 0 1 1 2 2 2 2 -5.9500000000094184 -2.4645706961207989 -2.2999999999999999e-16  -6.3603218319465542 -2.6345315638440265 4.6900000000000004  
-2.4645706961438432 -5.9500000000480755 2.0999999999999998e-15  -2.6345315638702034 -6.3603218319863339 4.6900000000000031  

-0.16996086772455724 2
5.0991022599933453 2

0 2
1 2

9 0 0 0 0 1 1 2 2 2 2 -5.9500000000094184 -2.4645706961207989 -2.2999999999999999e-16  -6.3603218319465542 -2.6345315638440265 4.6900000000000004  
-2.4645706961438432 -5.9500000000480755 2.0999999999999998e-15  -2.6345315638702034 -6.3603218319863339 4.6900000000000031  

-0.16996086772455724 2
5.0991022599933453 2

0 2
1 2

9 0 0 0 0 1 1 2 2 2 2 -5.9500000000094184 -2.4645706961207989 -2.2999999999999999e-16  -6.3603218319465542 -2.6345315638440265 4.6900000000000004  
-2.4645706961438432 -5.9500000000480755 2.0999999999999998e-15  -2.6345315638702034 -6.3603218319863339 4.6900000000000031  

-0.16996086772455724 2
5.0991022599933453 2

0 2
1 2

9 0 0 0 0 1 1 2 2 2 2 -5.9500000000094184 -2.4645706961207989 -2.2999999999999999e-16  -4.4261266246750477 -1.833361676728823 4.6899999999999995  
-2.4645706961438432 -5.9500000000480755 2.0999999999999998e-15  -1.833361676740247 -4.4261266247095223 4.6900000000000013  

0 2
4.9291413922629408 2

0 2
1 2

1 -3.6685147493921395 -3.6685147494018047 2.3450000000000006 -0.67249851196991006 -0.6724985119580047 0.30901699437494745 0.70710678118243597 -0.70710678119065895 9.34727295565096e-12 0.21850801221939506 0.21850801222942606 0.95105651629515364 
9 0 0 0 0 1 1 2 2 2 2 -5.9500000000094184 -2.4645706961207989 -2.2999999999999999e-16  -4.4277512231562151 -1.8340346074531215 4.6849999999999987  
-2.4645706961438432 -5.9500000000480755 2.0999999999999998e-15  -1.8340346074645582 -4.4277512231906933 4.6850000000000005  

0 2
4.9291413922629408 2

0 2
1 2

9 0 0 0 0 1 1 2 2 2 2 -2.4645706961438427 -5.9500000000480764 2.0999999999999998e-15  -2.6345315638702043 -6.3603218319863339 4.6900000000000031  
2.4645706961107998 -5.949999999999493 3.1900000000000002e-15  2.6345315638376916 -6.3603218319344004 4.6900000000000039  

-0.16996086773040353 2
5.0991022599774922 2

0 2
1 2

9 0 0 0 0 1 1 2 2 2 2 -2.4645706961438427 -5.9500000000480764 2.0999999999999998e-15  -2.6345315638702043 -6.3603218319863339 4.6900000000000031  
2.4645706961107998 -5.949999999999493 3.1900000000000002e-15  2.6345315638376916 -6.3603218319344004 4.6900000000000039  

-0.16996086773040353 2
5.0991022599774922 2

0 2
1 2

9 0 0 0 0 1 1 2 2 2 2 -2.4645706961438427 -5.9500000000480764 2.0999999999999998e-15  -2.6345315638702043 -6.3603218319863339 4.6900000000000031  
2.4645706961107998 -5.949999999999493 3.1900000000000002e-15  2.6345315638376916 -6.3603218319344004 4.6900000000000039  

-0.16996086773040353 2
5.0991022599774922 2

0 2
1 2

9 0 0 0 0 1 1 2 2 2 2 -2.4645706961438427 -5.9500000000480764 2.0999999999999998e-15  -1.8333616767402483 -4.4261266247095232 4.6900000000000022  
2.4645706961107998 -5.949999999999493 3.1900000000000002e-15  1.8333616767052123 -4.4261266246733832 4.6900000000000031  

0 2
4.9291413922546425 2

0 2
1 2

1 -1.701972e-11 -5.1880633123576194 2.3450000000000024 9.3738400000000008e-12 -0.95105651629515353 0.30901699437494762 1 5.9333176974729308e-12 -1.2073509251863605e-11 9.6490936469899355e-12 0.30901699437494762 0.95105651629515353 
9 0 0 0 0 1 1 2 2 2 2 -2.4645706961438427 -5.9500000000480764 2.0999999999999998e-15  -1.834034607464559 -4.427751223190695 4.6850000000000014  
2.4645706961107998 -5.949999999999493 3.1900000000000002e-15  1.8340346074295248 -4.4277512231545417 4.6850000000000023  

0 2
4.9291413922546425 2

0 2
1 2

1 -1.7019269999999998e-11 -5.1888756115982018 2.342500000000002 9.3738500000000001e-12 -0.95105651629515353 0.30901699437494751 1 5.9004816615086079e-12 -1.217460053985687e-11 9.7553840683174848e-12 0.30901699437494751 0.95105651629515353 
9 0 0 0 0 1 1 2 2 2 2 2.4645706961108012 -5.949999999999493 3.1900000000000002e-15  2.6345315638376929 -6.3603218319344021 4.6900000000000039  
5.9500000000094166 -2.4645706961208038 2.4199999999999999e-15  6.360321831946548 -2.6345315638468474 4.6900000000000031  

-0.16996086772285204 2
5.0991022599793183 2

0 2
1 2

9 0 0 0 0 1 1 2 2 2 2 2.4645706961108012 -5.949999999999493 3.1900000000000002e-15  2.6345315638376929 -6.3603218319344021 4.6900000000000039  
5.9500000000094166 -2.4645706961208038 2.4199999999999999e-15  6.360321831946548 -2.6345315638468474 4.6900000000000031  

-0.16996086772285204 2
5.0991022599793183 2

0 2
1 2

9 0 0 0 0 1 1 2 2 2 2 2.4645706961108012 -5.949999999999493 3.1900000000000002e-15  2.6345315638376929 -6.3603218319344021 4.6900000000000039  
5.9500000000094166 -2.4645706961208038 2.4199999999999999e-15  6.360321831946548 -2.6345315638468474 4.6900000000000031  

-0.16996086772285204 2
5.0991022599793183 2

0 2
1 2

9 0 0 0 0 1 1 2 2 2 2 2.4645706961108012 -5.949999999999493 3.1900000000000002e-15  1.8333616767052123 -4.4261266246733832 4.6900000000000031  
5.9500000000094166 -2.4645706961208038 2.4199999999999999e-15  4.4261266246750433 -1.8333616767183747 4.6900000000000022  

0 2
4.9291413922519478 2

0 2
1 2

1 3.6685147493751185 -3.6685147493780139 2.3450000000000029 0.67249851196203514 -0.67249851196587951 0.30901699437494778 0.70710678118690806 0.70710678118618719 7.2278294460659238e-12 -0.21850801222916008 0.21850801221966146 0.95105651629515342 
9 0 0 0 0 1 1 2 2 2 2 2.4645706961108012 -5.949999999999493 3.1900000000000002e-15  1.8340346074295253 -4.4277512231545408 4.6850000000000023  
5.9500000000094166 -2.4645706961208038 2.4199999999999999e-15  4.4277512231562106 -1.8340346074426841 4.6850000000000014  

0 2
4.9291413922519478 2

0 2
1 2

9 0 0 0 0 1 1 2 2 2 2 5.9500000000094166 -2.4645706961208038 2.4199999999999999e-15  6.360321831946548 -2.6345315638468474 4.6900000000000031  
5.9499999999934783 2.4645706961192282 2.2999999999999999e-16  6.3603218319295101 2.6345315638454685 4.6900000000000004  

-0.16996086772737182 2
5.099102259964944 2

0 2
1 2

9 0 0 0 0 1 1 2 2 2 2 5.9500000000094166 -2.4645706961208038 2.4199999999999999e-15  6.360321831946548 -2.6345315638468474 4.6900000000000031  
5.9499999999934783 2.4645706961192282 2.2999999999999999e-16  6.3603218319295101 2.6345315638454685 4.6900000000000004  

-0.16996086772737182 2
5.099102259964944 2

0 2
1 2

9 0 0 0 0 1 1 2 2 2 2 5.9500000000094166 -2.4645706961208038 2.4199999999999999e-15  6.360321831946548 -2.6345315638468474 4.6900000000000031  
5.9499999999934783 2.4645706961192282 2.2999999999999999e-16  6.3603218319295101 2.6345315638454685 4.6900000000000004  

-0.16996086772737182 2
5.099102259964944 2

0 2
1 2

9 0 0 0 0 1 1 2 2 2 2 5.9500000000094166 -2.4645706961208038 2.4199999999999999e-15  4.4261266246750433 -1.8333616767183747 4.6900000000000022  
5.9499999999934783 2.4645706961192282 2.2999999999999999e-16  4.426126624663187 1.8333616767160761 4.6900000000000004  

0 2
4.929141392240032 2

0 2
1 2

1 5.1880633123352817 -9.6856000000000007e-13 2.3450000000000015 0.95105651629515353 3.0753499999999998e-12 0.30901699437494784 -1.9568108762176556e-12 1 -3.9295970355034114e-12 -0.30901699437494784 3.1325810515006496e-12 0.95105651629515353 
9 0 0 0 0 1 1 2 2 2 2 5.9500000000094166 -2.4645706961208038 2.4199999999999999e-15  4.4277512231562106 -1.8340346074426845 4.6850000000000014  
5.9499999999934783 2.4645706961192282 2.2999999999999999e-16  4.4277512231443499 1.8340346074403873 4.6849999999999996  

0 2
4.929141392240032 2

0 2
1 2

1 5.1888756115758632 -9.6823000000000001e-13 2.3425000000000011 0.95105651629515353 3.0753700000000001e-12 0.30901699437494778 -1.9459778008291812e-12 1 -3.9630025346430484e-12 -0.30901699437494778 3.1676991735338767e-12 0.95105651629515353 
9 0 0 0 0 1 1 2 2 2 2 5.9499999999934792 2.4645706961192291 2.2999999999999999e-16  6.3603218319295118 2.6345315638454698 4.6900000000000004  
2.4645706961184808 5.9500000000005064 -2.0999999999999998e-15  2.6345315638446016 6.3603218319370924 4.6899999999999977  

-0.16996086772491384 2
5.0991022599632014 2

0 2
1 2

9 0 0 0 0 1 1 2 2 2 2 5.9499999999934792 2.4645706961192291 2.2999999999999999e-16  6.3603218319295118 2.6345315638454698 4.6900000000000004  
2.4645706961184808 5.9500000000005064 -2.0999999999999998e-15  2.6345315638446016 6.3603218319370924 4.6899999999999977  

-0.16996086772491384 2
5.0991022599632014 2

0 2
1 2

9 0 0 0 0 1 1 2 2 2 2 5.9499999999934792 2.4645706961192291 2.2999999999999999e-16  6.3603218319295118 2.6345315638454698 4.6900000000000004  
2.4645706961184808 5.9500000000005064 -2.0999999999999998e-15  2.6345315638446016 6.3603218319370924 4.6899999999999977  

-0.16996086772491384 2
5.0991022599632014 2

0 2
1 2

9 0 0 0 0 1 1 2 2 2 2 5.9499999999934792 2.4645706961192291 2.2999999999999999e-16  4.4261266246631878 1.8333616767160765 4.6900000000000013  
2.4645706961184808 5.9500000000005064 -2.0999999999999998e-15  1.8333616767157559 4.4261266246681785 4.6899999999999995  

0 2
4.9291413922370788 2

0 2
1 2

1 3.6685147493727257 3.6685147493759978 2.3449999999999998 0.67249851196456301 0.67249851196335175 0.30901699437494745 -0.70710678118635495 0.70710678118674009 1.9334533973847093e-12 -0.21850801222316982 -0.21850801222565128 0.95105651629515364 
9 0 0 0 0 1 1 2 2 2 2 5.9499999999934792 2.4645706961192291 2.2999999999999999e-16  4.4277512231443499 1.8340346074403868 4.6850000000000005  
2.4645706961184808 5.9500000000005064 -2.0999999999999998e-15  1.8340346074400653 4.4277512231493432 4.6849999999999987  

0 2
4.9291413922370788 2

0 2
1 2

Triangulations 0

TShapes 17
Ve
1e-07
2.46457069611848 5.95000000000051 0
0 0

0101101
*
Ve
1e-07
-2.46457069611848 5.95000000000051 0
0 0

0101101
*
Ed
 1e-07 1 1 0
1  1 0 0 4.92914139223696
2  1 1 5 0 4.92914139223696
4 C0 1 5 2 5
2  2 3 9 0 4.92914139223696
4 C0 3 9 4 9
2  3 5 13 0 4.92914139223696
4 C0 5 13 6 13
2  4 7 17 0 4.92914139223696
4 C0 7 17 8 17
2  5 9 17 0 4.92914139223696
2  6 10 21 0 4.92914139223696
4 C0 10 21 11 21
2  7 12 21 0 4.92914139223696
0

0101000
+17 0 -16 0 *
Ve
1e-07
-5.94999999999348 2.46457069611923 0
0 0

0101101
*
Ed
 1e-07 1 1 0
1  2 0 0 4.92914139223708
2  8 13 5 0 4.92914139223708
4 C0 13 5 2 5
2  9 14 9 0 4.92914139223708
4 C0 14 9 4 9
2  10 15 13 0 4.92914139223708
4 C0 15 13 6 13
2  11 16 17 0 4.92914139223708
4 C0 16 17 8 17
2  12 17 17 0 4.92914139223708
2  13 18 21 0 4.92914139223708
4 C0 18 21 11 21
0

0101000
+16 0 -14 0 *
Ve
1e-07
-5.95000000000942 -2.4645706961208 0
0 0

0101101
*
Ed
 1e-07 1 1 0
1  3 0 0 4.92914139224003
2  14 19 5 0 4.92914139224003
4 C0 19 5 2 5
2  15 20 9 0 4.92914139224003
4 C0 20 9 4 9
2  16 21 13 0 4.92914139224003
4 C0 21 13 6 13
2  17 22 17 0 4.92914139224003
4 C0 22 17 8 17
2  18 23 17 0 4.92914139224003
2  19 24 21 0 4.92914139224003
4 C0 24 21 11 21
2  20 25 21 0 4.92914139224003
0

0101000
+14 0 -12 0 *
Ve
1e-07
-2.46457069614384 -5.95000000004808 0
0 0

0101101
*
Ed
 1e-07 1 1 0
1  4 0 0 4.92914139226294
2  21 26 5 0 4.92914139226294
4 C0 26 5 2 5
2  22 27 9 0 4.92914139226294
4 C0 27 9 4 9
2  23 28 13 0 4.92914139226294
4 C0 28 13 6 13
2  24 29 17 0 4.92914139226294
4 C0 29 17 8 17
2  25 30 17 0 4.92914139226294
2  26 31 21 0 4.92914139226294
4 C0 31 21 11 21
0

0101000
+12 0 -10 0 *
Ve
1e-07
2.4645706961108 -5.94999999999949 0
0 0

0101101
*
Ed
 1e-07 1 1 0
1  5 0 0 4.92914139225464
2  27 32 5 0 4.92914139225464
4 C0 32 5 2 5
2  28 33 9 0 4.92914139225464
4 C0 33 9 4 9
2  29 34 13 0 4.92914139225464
4 C0 34 13 6 13
2  30 35 17 0 4.92914139225464
4 C0 35 17 8 17
2  31 36 17 0 4.92914139225464
2  32 37 21 0 4.92914139225464
4 C0 37 21 11 21
2  33 38 21 0 4.92914139225464
0

0101000
+10 0 -8 0 *
Ve
1e-07
5.95000000000942 -2.4645706961208 0
0 0

0101101
*
Ed
 1e-07 1 1 0
1  6 0 0 4.92914139225195
2  34 39 5 0 4.92914139225195
4 C0 39 5 2 5
2  35 40 9 0 4.92914139225195
4 C0 40 9 4 9
2  36 41 13 0 4.92914139225195
4 C0 41 13 6 13
2  37 42 17 0 4.92914139225195
4 C0 42 17 8 17
2  38 43 17 0 4.92914139225195
2  39 44 21 0 4.92914139225195
4 C0 44 21 11 21
0

0101000
+8 0 -6 0 *
Ve
1e-07
5.94999999999348 2.46457069611923 0
0 0

0101101
*
Ed
 1e-07 1 1 0
