<?xml version='1.0' encoding='utf-8'?>
<!-- FreeCAD DocumentObject -->
<Document SchemaVersion="4" FileVersion="2">
<Object name="Body" Extensions="True">
  <Extensions Count="1">
    <Extension type="App::OriginGroupExtension" name="OriginGroupExtension">
    </Extension>
  </Extensions>
  <Properties Count="16" TransientCount="2">
    <_Property name="_ElementMapVersion" type="App::PropertyString" status="234881024"/>
    <_Property name="_GroupTouched" type="App::PropertyBool" status="100663424"/>
    <Property name="AutoGroupSolids" type="App::PropertyBool" status="134217728">
      <Bool value="false"/>
    </Property>
    <Property name="BaseFeature" type="App::PropertyLink">
      <Link value=""/>
    </Property>
    <Property name="ColoredElements" type="App::PropertyLinkSubHidden" status="218103808">
      <LinkSub value="" count="0">
      </LinkSub>
    </Property>
    <Property name="ExportMode" type="App::PropertyEnumeration" status="8">
      <Integer value="0"/>
    </Property>
    <Property name="ExpressionEngine" type="App::PropertyExpressionEngine" status="67108864">
      <ExpressionEngine count="0"></ExpressionEngine>
    </Property>
    <Property name="Group" type="App::PropertyLinkList">
      <LinkList count="3">
        <Link value="Sketch"/>
        <Link value="Revolution"/>
        <Link value="Boolean"/>
      </LinkList>
    </Property>
    <Property name="Label" type="App::PropertyString" status="134217728">
      <String value="Body"/>
    </Property>
    <Property name="Label2" type="App::PropertyString" status="128">
      <String value=""/>
    </Property>
    <Property name="Origin" type="App::PropertyLink" status="67108864">
      <Link value="Origin001"/>
    </Property>
    <Property name="Placement" type="App::PropertyPlacement" status="8388608">
      <PropertyPlacement Px="0" Py="0" Pz="0" Q0="0" Q1="0" Q2="0" Q3="1" A="0" Ox="0" Oy="0" Oz="1"/>
    </Property>
    <Property name="Shape" type="Part::PropertyPartShape">
      <Part HasherIndex="0" ElementMap="1.15.70200.3.0" brep="1">
<![CDATA[

CASCADE Topology V1, (c) Matra-Datavision
Locations 44
1
              1               0               0               0 
              0               1               0               0 
              0               0               1               0 
1
              1               0               0               0 
              0              -0              -1               0 
              0               1              -0               0 
1
              1               0               0               0 
              0               1               0               0 
              0               0               1               0 
2  3 -1 2 -1 0
1
              1               0               0               0 
              0               1               0               0 
              0               0               1               0 
1
              1               0               0               0 
              0              -0              -1               0 
              0               1              -0               0 
1
              1               0               0               0 
              0              -0              -1               0 
              0               1              -0               0 
2  5 1 6 1 7 -1 0
2  7 1 6 -1 5 -1 0
2  3 -1 2 -1 7 1 6 -1 5 -1 0
2  5 1 6 1 7 -1 2 1 0
2  3 -1 0
1
              0              -0               1               0 
              1               0               0               0 
             -0               1               0               0 
1
             -0               0               1               0 
              1              -0               0               0 
              0               1              -0               0 
1
              1               0               0               0 
              0               1               0               0 
              0               0               1               0 
1
              1               0               0               0 
              0               1               0               0 
              0               0               1               0 
1
              1               0               0               0 
              0               1               0               0 
              0               0               1               0 
1
              1               0               0               0 
              0               1               0               0 
              0               0               1               0 
1
              1               0               0               0 
              0               1               0               0 
              0               0               1               0 
1
             -0               1               0               0 
             -1               0               0               0 
              0               0               1             4.6 
2  13 1 14 -1 15 1 16 1 17 1 18 1 19 1 20 1 0
1
              1              -0               0               0 
              0               1              -0               0 
             -0               0               1               0 
1
             -1           1e-15          -1e-30               0 
          1e-15               1          -1e-15               0 
             -0          -1e-15              -1               0 
2  22 1 23 1 16 1 17 1 18 1 19 1 20 1 0
2  3 -1 20 -1 19 -1 18 -1 17 -1 16 -1 23 -1 22 -1 0
2  16 1 17 1 18 1 19 1 20 1 0
2  13 1 14 -1 15 1 0
2  3 -1 20 -1 19 -1 18 -1 17 -1 16 -1 0
2  3 -1 20 -1 19 -1 18 -1 17 -1 16 -1 15 -1 14 1 13 -1 0
1
              0           1e-15               1               0 
             -0               1          -1e-15               0 
             -1               0               0               0 
2  22 1 30 1 16 1 17 1 18 1 19 1 20 1 0
2  3 -1 20 -1 19 -1 18 -1 17 -1 16 -1 30 -1 22 -1 0
2  15 1 16 1 17 1 18 1 19 1 20 1 0
2  13 1 14 -1 0
2  3 -1 20 -1 19 -1 18 -1 17 -1 16 -1 15 -1 0
1
             -0               0              -1               0 
          1e-15               1               0               0 
              1          -1e-15              -0               0 
2  22 1 36 1 16 1 17 1 18 1 19 1 20 1 0
2  3 -1 20 -1 19 -1 18 -1 17 -1 16 -1 36 -1 22 -1 0
1
              1               0               0               0 
              0               1               0               0 
              0               0               1               0 
1
              0              -0               1               0 
              1               0              -0               0 
             -0               1               0               0 
1
             -0               0               1               0 
              1              -0               0               0 
              0               1              -0               0 
2  39 1 40 1 41 -1 13 1 14 -1 15 1 0
2  41 1 40 -1 39 -1 0
2  3 -1 20 -1 19 -1 18 -1 17 -1 16 -1 15 -1 14 1 13 -1 41 1 40 -1 39 -1 0
Curve2ds 72
1 0 0 1 0 
1 0 0.83868329510005979 1 0 
1 0 2.2999999999999998 1 0 
1 6.2831853071795862 0 0 1 
1 0 0 0 1 
1 6.2831853071795862 0 0 1 
1 0 0 0 1 
7 0 0  8 9 2  2.6899999999999999e-15 1.3889130845771223  0.076496742875905493 1.3846686251483562  0.14892795493716449 1.3792165665129232  0.21632358718784417 1.3726695122695673  0.27826107303508252 1.365168781147986  0.33490444841777389 1.3568542174034519  0.38659657352070553 1.3478447095014872  0.43377093937855388 1.3382420581793666  0.47686729715458859 1.3281309116748243 
 1.6241126485606732 9 1.7402513681482279 9
7 0 0  7 14 3  0.47686729715458476 1.3281309116748266  0.49637641557252304 1.3144926168050559  0.51337165739899149 1.3007502609967787  0.52842326231768766 1.2869283946961332  0.5418967224547373 1.2730422835668378  0.5540640173974225 1.2591032660916426  0.56512912174192054 1.245119740325781  0.5853761600980204 1.2170768599454114  0.59455811493370725 1.2030175058371242  0.60295854621068046 1.1889268025390436  0.61069410023759063 1.1748094938268789  0.61785485854819822 1.1606692247402393  0.62451413695462643 1.1465089568933506  0.63073125395375984 1.1323310768799864 
 1.8006487061194179 8 1.9016010311026696 6 2.0025533560859197 8
7 0 0  6 7 2  0.54628583468331937 1.2092744329130849  0.62598760727435643 1.2092744355469907  0.70569781718653624 1.2092744255381491  0.78539816341766588 1.2092744428692512  0.8650985097617524 1.2092744255381487  0.94480871985847381 1.2092744355469909  1.0245104921115793 1.2092744329130851 
 0 7 1 7
7 0 0  6 7 2  0.54628583468331904 2.845880027100494  0.62598760727435643 2.8458800315983868  0.70569781718653501 2.8458800145063576  0.78539816341766389 2.8458800441025702  0.8650985097617544 2.8458800145063599  0.94480871985847292 2.845880031598385  1.0245104921115786 2.8458800271004918 
 0 7 1 7
7 0 0  7 14 3  0.94006507284113716 1.1323310768799875  0.94628218984027068 1.1465089568933517  0.95294146824668957 1.1606692247402499  0.96010222655728938 1.1748094938269011  0.96783778058420267 1.188926802539072  0.97623821186118553 1.2030175058371444  0.98542016669687615 1.2170768599454118  1.0056672050529758 1.2451197403257814  1.016732309397355 1.2591032660916994  1.0288996043402676 1.2730422835668378  1.0423730644771467 1.2869283946962469  1.057424669395914 1.3007502609966082  1.0744199112223727 1.3144926168050559  1.0939290296403108 1.3281309116748266 
 1.1390392975038746 8 1.2399916224871248 6 1.3409439474703753 8
7 0 0  8 9 2  1.0939290296403112 1.3281309116748254  1.1370253874163461 1.3382420581793675  1.1841997532741289 1.3478447095042156  1.2358918783734225 1.3568542173979949  1.292535253764072 1.3651687811561715  1.3544727396047165 1.3726695122595629  1.4218683718568172 1.3792165665145149  1.4942995839189994 1.3846686251483571  1.5707963267949023 1.3889130845771231 
 1.4013412854415666 9 1.5174800050291211 9
7 0 0  8 9 2  1.5707963267948919 1.3889130845771227  1.6472930696707953 1.3846686251483566  1.719724281730123 1.3792165665111042  1.7871199139863165 1.3726695122732053  1.8490573998205946 1.3651687811407101  1.9057007752144273 1.3568542174107279  1.9573929003131525 1.3478447095014872  2.0045672661734502 1.3382420581793668  2.047663623949485 1.3281309116748246 
 1.6241126485606723 9 1.7402513681482277 9
7 0 0  7 14 3  2.0476636239494823 1.3281309116748263  2.0671727423674207 1.3144926168050557  2.0841679841939253 1.3007502609967787  2.0992195891114989 1.2869283946956784  2.112693049250538 1.2730422835672925  2.1248603441922569 1.2591032660916426  2.1359254485368182 1.245119740325781  2.1561724868929177 1.2170768599454111  2.1653544417286512 1.2030175058371242  2.1737548730054965 1.1889268025390922  2.1814904270324007 1.1748094938269216  2.1886511853431321 1.160669224740229  2.1953104637495238 1.1465089568933504  2.2015275807486572 1.1323310768799859 
 1.8006487061194181 8 1.9016010311026703 6 2.0025533560859201 8
7 0 0  6 7 2  2.1170821614782174 1.2092744329130851  2.1967839340509321 1.2092744355469909  2.2764941439753228 1.2092744255381489  2.356194490205338 1.209274442869251  2.4358948365117663 1.2092744255381491  2.5156050465805366 1.2092744355469909  2.5953068189064723 1.2092744329130851 
 0 7 1 7
7 0 0  6 7 2  2.1170821614782156 2.8458800271004896  2.1967839340509308 2.8458800315983823  2.2764941439753357 2.8458800145063838  2.3561944902053211 2.8458800441025351  2.4358948365117756 2.8458800145063865  2.5156050465805357 2.8458800315983823  2.5953068189064719 2.8458800271004896 
 0 7 1 7
7 0 0  7 14 3  2.5108613996360316 1.1323310768799868  2.5170785166351655 1.1465089568933511  2.5237377950415869 1.1606692247402497  2.5308985533521673 1.1748094938269174  2.5386341073790839 1.1889268025390822  2.5470345386560878 1.2030175058371344  2.5562164934917706 1.2170768599454114  2.5764635318478706 1.2451197403257812  2.58752863619236 1.2591032660915857  2.5996959311353294 1.2730422835672925  2.6131693912714127 1.2869283946957921  2.628220996190862 1.3007502609967219  2.6452162380172668 1.3144926168050557  2.6647253564352047 1.3281309116748263 
 1.1390392975038737 8 1.2399916224871248 6 1.3409439474703748 8
7 0 0  8 9 2  2.6647253564352038 1.3281309116748259  2.7078217142112386 1.3382420581793681  2.7549960800688496 1.3478447095019419  2.8066882051734865 1.3568542174025424  2.8633315805454913 1.3651687811507145  2.9252690663997782 1.3726695122668389  2.99266469865006 1.3792165665113316  3.0650959107138909 1.384668625148358  3.141592653589794 1.388913084577124 
 1.4013412854415661 9 1.5174800050291204 9
7 0 0  8 9 2  3.1415926535897909 1.388913084577124  3.2180893964656945 1.384668625148358  3.290520608528368 1.3792165665113316  3.3579162407659169 1.3726695122704768  3.4198537266311178 1.3651687811507145  3.4764971019976656 1.3568542174016329  3.5281892271109427 1.3478447095010324  3.5753635929683494 1.3382420581793681  3.6184599507443842 1.3281309116748259 
 1.6241126485606721 9 1.740251368148227 9
7 0 0  7 14 3  3.6184599507443829 1.328130911674827  3.6379690691623208 1.3144926168050564  3.6549643109885892 1.3007502609967787  3.6700159159081522 1.2869283946956784  3.6834893760442355 1.2730422835676336  3.6956566709873186 1.2591032660915289  3.7067217753317174 1.2451197403257814  3.7269688136878178 1.2170768599454116  3.7361507685235043 1.2030175058371546  3.7445511998004286 1.1889268025390618  3.7522867538273323 1.1748094938268971  3.7594475121379847 1.1606692247402697  3.7661067905444225 1.1465089568933509  3.7723239075435555 1.1323310768799866 
 1.8006487061194174 8 1.9016010311026661 6 2.0025533560859192 8
7 0 0  6 7 2  3.6878784882731144 1.2092744329130851  3.7675802608026432 1.2092744355469909  3.8472904707707527 1.2092744255381491  3.9269908169906791 1.2092744428692508  4.0066911632301156 1.2092744255381491  4.0864013732319693 1.2092744355469909  4.1661031457013724 1.2092744329130851 
 0 7 1 7
7 0 0  6 7 2  3.6878784882731139 2.8458800271004927  3.7675802608026432 2.8458800315983859  3.8472904707707527 2.8458800145064145  3.9269908169906742 2.8458800441025041  4.0066911632301192 2.845880014506414  4.0864013732319693 2.8458800315983872  4.1661031457013724 2.8458800271004945 
 0 7 1 7
7 0 0  7 14 3  4.0816577264309268 1.1323310768799864  4.0878748434300594 1.1465089568933506  4.0945341218364382 1.1606692247402393  4.1016948801470345 1.1748094938268951  4.1094304341739383 1.188926802539066  4.1178308654509186 1.2030175058371344  4.1270128202866641 1.2170768599454114  4.1472598586427649 1.245119740325781  4.1583249629874217 1.25910326609187  4.1704922579301638 1.2730422835672925  4.1839657180685208 1.2869283946961332  4.1990173229860375 1.300750260996665  4.2160125648121607 1.3144926168050555  4.2355216832300986 1.3281309116748261 
 1.1390392975038737 8 1.2399916224871257 6 1.3409439474703748 8
7 0 0  8 9 2  4.2355216832300986 1.3281309116748261  4.2786180410061334 1.3382420581793684  4.3257924068602733 1.3478447095033061  4.3774845319712767 1.3568542174034519  4.4341279073269106 1.3651687811507145  4.4960653932048444 1.3726695122641104  4.5634610254437575 1.3792165665129232  4.635892237508787 1.3846686251483582  4.7123889803846906 1.3889130845771243 
 1.4013412854415663 9 1.5174800050291208 9
7 0 0  8 9 2  4.7123889803846897 1.388913084577124  4.7888857232605933 1.384668625148358  4.8613169353166086 1.3792165665113316  4.928712567585535 1.3726695122722958  4.9906500533907092 1.3651687811470765  5.0472934288081888 1.3568542174052709  5.0989855539019118 1.3478447095010324  5.1461599197632477 1.3382420581793677  5.1892562775392825 1.3281309116748254 
 1.6241126485606727 9 1.7402513681482277 9
7 0 0  7 14 3  5.189256277539279 1.3281309116748266  5.2087653959572169 1.3144926168050559  5.2257606377822867 1.3007502609967219  5.2408122427036687 1.2869283946956784  5.2542857028370236 1.2730422835672925  5.2664529977837446 1.2591032660917563  5.2775181021266135 1.245119740325781  5.2977651404827126 1.2170768599454111  5.3069470953183968 1.2030175058371344  5.3153475265953523 1.1889268025390822  5.3230830806222684 1.1748094938269174  5.3302438389328968 1.1606692247402495  5.3369031173393182 1.14650895689335  5.3431202343384516 1.1323310768799857 
 1.8006487061194179 8 1.9016010311026741 6 2.0025533560859201 8
7 0 0  4 32 11  5.2586748150680087 1.2092744329130847  5.2954851068140396 1.2092744341295549  5.3322954164994583 1.2092744318993593  5.3691057295099522 1.2092744329130847  5.4425976040752548 1.2092744329130847  5.4792792078240851 1.2092744329130847  5.5159608115729206 1.2092744329130847  5.5553452499004035 1.2092744329130847  5.5580481041874013 1.2092744329130847  5.560750958474399 1.2092744329130847  5.5738791078499945 1.2092744329130847  5.5843044029751727 1.2092744329130847  5.5947296981003509 1.2092744329130847  5.6086300915578855 1.2092744329130847  5.6121051899269316 1.2092744329130847  5.6155802882959751 1.2092744329130847  5.6253620466663348 1.2092744329130847  5.6316687066707605 1.2092744329130845  5.6379753666751853 1.2092744329130849  5.6495590279029972 1.2092744329130849  5.6548360291305597 1.2092744329130845  5.6601130303581195 1.2092744329130847  5.669122544647327 1.2092744329130847  5.672855057710402 1.2092744329130847  5.676587570773477 1.2092744329130847  5.6846961336340618 1.2092744329130847  5.68907218343226 1.2092744329130847  5.6934482332304617 1.2092744329130847  5.7075930803333037 1.2092744329130847  5.7173618778369182 1.2092744326440601  5.7271306751061637 1.2092744332359142  5.7368994724962681 1.2092744329130847 
 0 5 0.30789124995640549 3 0.61470596398369182 3 0.63731337003772981 3 0.7245133646654659 3 0.75358002959168013 3 0.80633064370578078 3 0.8504689126636682 3 0.88168866388047307 3 0.91829113082337899 3 1 5
7 0 0  4 32 11  5.2586748150680087 2.8458800271004949  5.2954851068140396 2.8458800291778483  5.3322954164994556 2.8458800253693708  5.3691057295099514 2.8458800271004958  5.4425976040752539 2.8458800271004958  5.4792792078240842 2.845880027100494  5.5159608115729206 2.8458800271004971  5.5553452499004026 2.8458800271004971  5.5580481041874004 2.8458800271004945  5.5607509584743982 2.8458800271004971  5.5738791078499936 2.8458800271004971  5.5843044029751718 2.8458800271004927  5.59472969810035 2.8458800271004971  5.6086300915578846 2.8458800271004971  5.6121051899269307 2.8458800271004949  5.6155802882959742 2.8458800271004971  5.6253620466663339 2.8458800271004971  5.6316687066707596 2.8458800271004963  5.6379753666751844 2.8458800271004949  5.6495590279029964 2.8458800271004949  5.6548360291305588 2.8458800271004985  5.6601130303581186 2.8458800271004971  5.6691225446473261 2.8458800271004971  5.6728550577104011 2.8458800271004985  5.6765875707734761 2.8458800271004945  5.6846961336340609 2.8458800271004945  5.6890721834322582 2.8458800271005011  5.6934482332304608 2.8458800271004949  5.7075930803333028 2.8458800271004949  5.7173618778369129 2.8458800266410882  5.7271306751061637 2.845880027651789  5.7368994724962681 2.8458800271004963 
 0 5 0.30789124995640549 3 0.61470596398369182 3 0.63731337003772981 3 0.7245133646654659 3 0.75358002959168013 3 0.80633064370578078 3 0.8504689126636682 3 0.88168866388047307 3 0.91829113082337899 3 1 5
7 0 0  7 14 3  5.6524540532258252 1.1323310768799866  5.6586711702249586 1.1465089568933506  5.6653304486314342 1.1606692247402495  5.6724912069419213 1.1748094938269174  5.6802267609688135 1.1889268025390822  5.6886271922458933 1.2030175058371344  5.6978091470815651 1.2170768599454114  5.718056185437665 1.2451197403257812  5.7291212897823698 1.2591032660917563  5.7412885847234065 1.2730422835677473  5.7547620448640373 1.2869283946956784  5.7698136497808719 1.3007502609967787  5.7868088916070617 1.3144926168050559  5.8063180100249996 1.3281309116748266 
 1.1390392975038741 8 1.2399916224871252 6 1.3409439474703755 8
7 0 0  8 9 2  5.8063180100250005 1.3281309116748252  5.8494143678010353 1.3382420581793673  5.8965887336535161 1.3478447095035335  5.9482808587563341 1.3568542173979949  6.004924234111968 1.365168781157081  6.0668617200026347 1.3726695122632009  6.1342573522388193 1.3792165665122411  6.2066885643036844 1.3846686251483566  6.2831853071795862 1.3889130845771227 
 1.4013412854415666 9 1.5174800050291202 9
1 0 1.5707963267949019 1 0 
7 0 0  7 8 2  -8.9000000000000007e-16 1.4618688526993466  0.091703421911317307 1.5053921233684113  0.18022153328772816 1.5655810365766456  0.2643567213042175 1.643164087470268  0.34324446569619482 1.7392880241309285  0.41652351064110604 1.8555489374329568  0.48415117822713061 1.9940561280237996  0.54628583468331726 2.1575459465625579 
 0.31880570601343761 8 1.0274099781143737 8
7 0 0  5 6 2  0.54628583468331904 -9.9999999999999998e-17  0.55233599992628502 0.040987987271267033  0.55831356020536838 0.08274324913607245  0.56421902681905145 0.12527934338077418  0.57005295663185807 0.1686103351593457  0.57581594374783063 0.21275082492302114 
 1.2259427583716545 6 1.2889449894288936 6
7 0 0  6 7 2  0.54636836283474544 -1.7899999999999999e-15  0.55967562047551866 0.5172495354255362  0.57104822087615759 1.1118432131226399  0.58082777949559272 1.7980551663403617  0.58928117222963294 2.5937460568860189  0.59662064192661413 3.5215705342829891  0.60301788901483699 4.6116159012030362 
 2.8943412844117371 7 3.6374167457925517 7
7 0 0  6 7 2  0.96777843778006079 4.6116159012030371  0.97417568486828399 3.5215705342829891  0.98151515456525829 2.5937460568860473  0.98996854729931272 1.7980551663403048  0.99974810591872654 1.1118432131226683  1.0111207063193812 0.5172495354255362  1.0244279639601552 -1.3899999999999999e-15 
 -3.6374167457924966 7 -2.8943412844116816 7
7 0 0  5 6 2  0.99498038304706704 0.21275082492302064  1.0007433701630397 0.16861033515934576  1.0065772999758469 0.12527934338077817  1.0124827665895335 0.082743249136072672  1.0184603268686128 0.040987987271268837  1.0245104921115786 2.1900000000000001e-15 
 -1.2889449894288894 6 -1.2259427583716509 6
1 0 0 1 0 
1 0 2.1575459465625624 1 0 
7 0 0  7 8 2  1.024510492111578 2.1575459465625646  1.094154669368125 1.974296942683663  1.1706999484904372 1.8224342210664872  1.2543686446579159 1.6981045896770866  1.3450685940687208 1.5984444204880219  1.4421763836505193 1.5213786970916772  1.544210483648081 1.465517988701788  1.6492791066876085 1.4301178410325104 
 -1.0274099781143713 8 -0.23316463508680466 8
7 0 0  7 8 2  1.4923135469021853 1.4301178410325082  1.597382169941713 1.465517988701786  1.6994162699393769 1.5213786970920182  1.7965240595210616 1.5984444204862029  1.8872240089322077 1.6981045896777687  1.9708927050992315 1.8224342210662599  2.0474379842216699 1.974296942683663  2.1170821614782169 2.1575459465625655 
 0.23316463508680557 8 1.0274099781143753 8
7 0 0  5 6 2  2.1170821614782169 -3.9999999999999999e-16  2.123132326721183 0.040987987271266353  2.1291098870002685 0.082743249136072006  2.135015353613948 0.12527934338077196  2.1408492834267556 0.16861033515934409  2.146612270542728 0.21275082492301906 
 1.2259427583716573 6 1.2889449894288958 6
7 0 0  6 7 2  2.1171646896296434 -5.9999999999999999e-16  2.1304719472704163 0.51724953542553731  2.1418445476710701 1.1118432131226115  2.1516241062903987 1.7980551663404185  2.1600774990245668 2.5937460568859763  2.1674169687215112 3.5215705342829913  2.1738142158097342 4.611615901203038 
 2.8943412844117531 7 3.6374167457925672 7
7 0 0  6 7 2  2.5385747645749563 4.6116159012030371  2.5449720116631793 3.5215705342829904  2.5523114813601069 2.5937460568860331  2.5607648740942182 1.7980551663403332  2.5705444327136036 1.1118432131226683  2.5819170331142756 0.51724953542553664  2.5952242907550493 -8.9000000000000007e-16 
 -3.6374167457925184 7 -2.8943412844117038 7
7 0 0  5 6 2  2.5657767098419622 0.21275082492300931  2.5715396969579345 0.16861033515933666  2.5773736267707434 0.12527934338077018  2.5832790933844301 0.082743249136069341  2.5892566536635062 0.040987987271265743  2.5953068189064719 9.8999999999999992e-16 
 -1.2889449894288927 6 -1.2259427583716573 6
7 0 0  7 8 2  2.5953068189064719 2.1575459465625637  2.6649509961630189 1.9742969426836612  2.741496275285499 1.8224342210659188  2.8251649714527503 1.6981045896784508  2.9158649208634415 1.5984444204862029  3.0129727104455242 1.5213786970920751  3.1150068104429751 1.4655179887017835  3.2200754334825028 1.4301178410325055 
 -1.0274099781143757 8 -0.23316463508680671 8
7 0 0  7 8 2  3.0631098736970856 1.4301178410325048  3.1681784967366129 1.4655179887017831  3.2702125967346092 1.5213786970916203  3.3673203863145318 1.5984444204880219  3.4580203357295431 1.6981045896764044  3.5416890318933838 1.8224342210666578  3.6182343110165678 1.974296942683661  3.6878784882731144 2.1575459465625628 
 0.23316463508680932 8 1.0274099781143766 8
7 0 0  5 6 2  3.6878784882731144 -2.9999999999999999e-16  3.69392865351608 0.040987987271266048  3.6999062137951739 0.082743249136069119  3.7058116804088499 0.12527934338077262  3.7116456102216535 0.16861033515934234  3.7174085973376259 0.21275082492301686 
 1.2259427583716596 6 1.2889449894288973 6
7 0 0  6 7 2  3.6879610164245391 5.9999999999999999e-16  3.7012682740653124 0.5172495354255382  3.7126408744659045 1.1118432131226541  3.7224204330852899 1.7980551663403332  3.7308738258193728 2.5937460568860189  3.7382132955164074 3.5215705342829926  3.7446105426046303 4.6116159012030389 
 2.8943412844117429 7 3.637416745792557 7
7 0 0  6 7 2  4.1093710913698533 4.6116159012030398  4.1157683384580768 3.5215705342829917  4.1231078081550834 2.5937460568860047  4.1315612008889389 1.7980551663403332  4.14134075950858 1.1118432131226257  4.1527133599091748 0.51724953542553642  4.1660206175499486 -1.2900000000000001e-15 
 -3.6374167457924842 7 -2.8943412844116687 7
7 0 0  5 6 2  4.1365730366368609 0.21275082492301975  4.1423360237528337 0.16861033515934443  4.1481699535656489 0.12527934338077373  4.154075420179332 0.082743249136070229  4.1600529804584063 0.04098798727126593  4.1661031457013724 -1.09e-15 
 -1.2889449894288862 6 -1.2259427583716471 6
7 0 0  7 8 2  4.1661031457013724 2.1575459465625642  4.235747322957919 1.974296942683665  4.3122926020809018 1.8224342210660325  4.3959612982462204 1.698104589677996  4.4866612476585033 1.5984444204866577  4.5837690372397901 1.5213786970922456  4.6858031372378699 1.4655179887017922  4.7908717602773958 1.4301178410325139 
 -1.0274099781143691 8 -0.23316463508681104 8
7 0 0  7 8 2  4.6339062004919818 1.4301178410325097  4.7389748235315086 1.465517988701788  4.8410089235289888 1.5213786970920751  4.9381167131118673 1.5984444204868851  5.0288166625241502 1.6981045896777687  5.1124853586893551 1.822434221066203  5.189030637811463 1.974296942683665  5.2586748150680096 2.1575459465625664 
 0.23316463508680865 8 1.027409978114374 8
7 0 0  5 6 2  5.2586748150680087 -2e-16  5.2647249803109748 0.040987987271267359  5.2707025405900509 0.082743249136071562  5.2766080072037553 0.12527934338077462  5.2824419370165474 0.1686103351593472  5.2882049241325202 0.21275082492302311 
 1.225942758371654 6 1.2889449894288938 6
7 0 0  6 7 2  5.2587573432194352 2e-16  5.2720646008602081 0.5172495354255382  5.2834372012609379 1.1118432131226541  5.2932167598798969 1.7980551663403332  5.3016701526144061 2.5937460568860189  5.3090096223113035 3.5215705342829935  5.315406869399526 4.6116159012030407 
 2.8943412844117353 7 3.6374167457925499 7
7 0 0  6 7 2  5.6801674181647499 4.6116159012030407  5.6865646652529733 3.5215705342829926  5.6939041349499462 2.5937460568859905  5.7023575276837164 1.7980551663403901  5.7121370863034144 1.1118432131225973  5.7235096867040713 0.51724953542553898  5.7368169443448451 1.2900000000000001e-15 
 -3.6374167457924944 7 -2.8943412844116794 7
7 0 0  5 6 2  5.7073693634317566 0.21275082492302014  5.7131323505477294 0.16861033515934543  5.7189662803605472 0.12527934338077484  5.7248717469742232 0.082743249136072894  5.730849307253302 0.0409879872712689  5.7368994724962681 2.38e-15 
 -1.2889449894288887 6 -1.2259427583716505 6
7 0 0  7 8 2  5.7368994724962681 2.1575459465625659  5.7990341289524547 1.9940561280238085  5.8666617965370733 1.855548937432502  5.939940841488351 1.7392880241316107  6.0188285858712334 1.6431640874693585  6.1029637738924976 1.5655810365769867  6.1914818852682689 1.5053921233684162  6.2831853071795862 1.4618688526993515 
 -1.0274099781143708 8 -0.31880570601343744 8
1 0 3.1415926535897931 1 0 
1 0 0 1 0 
1 6.2831853071795862 6.7000000000000004e-16 0 1 
1 0 6.7000000000000004e-16 0 1 
1 0 0 1 0 
1 6.2831853071795862 0 0 1 
1 0 0 0 1 
1 0 11.15 1 0 
1 0 0 1 0 
1 6.2831853071795862 0 0 1 
1 0 0 0 1 
1 0 0.84852813742385691 1 0 
1 6.2831853071795862 0 0 1 
1 0 0 0 1 
Curves 72
2 0 2.2999999999999998 0 0 -1 0 1 0 0 -0 0 1 6
2 0 0 0 0 -1 0 1 0 0 -0 0 1 6
1 6 2.2999999999999998 0 0 -1 0 
2 0 -4.3760869565217373 0 0 0 1 1 0 -0 -0 1 0 8.9760869565217369
2 0.66513265088870521 0.20437979180897917 -4.4430622927108541 0.95149312603684111 0.29237170472273644 -0.095810319810347017 -0.29372294496468276 0.9558905960418661 -3.4694469519536142e-18 0.091584183710474415 0.028141689292703213 0.99539960951260131 8.9488255549431681
2 0.039963823810781347 0.038787776039671519 -4.3801111019783665 0.71572045526185424 0.69465837045899748 -0.072069260236348576 -0.69646944878767725 0.71758644559759444 -2.7755575615628907e-17 0.051715924289849391 0.050194037951345367 0.9973996299021699 8.9759132826977179
7 0 0  6 7 2  2.7127612985412952 -1.6493764696033693 4.0197822926802118  2.5813030503376297 -1.8655883416102961 4.0197822967055306  2.4291517801814901 -2.0692505080716543 4.0197822814093209  2.2578338952485586 -2.2578338953155601 4.0197823078959196  2.0692505077619692 -2.4291517806094736 4.01978228140932  1.8655883406935612 -2.5813030508950101 4.0197822967055306  1.6493764696033617 -2.7127612985412983 4.0197822926802118 
 0 7 1 7
2 -0.038787776039683947 -0.03996382381079415 -4.3801111019783683 -0.69465837045899781 -0.71572045526185413 -0.072069260236346369 0.71758644559759399 -0.69646944878767736 2.0816681711721676e-17 -0.050194037951343841 -0.051715924289847795 0.99739962990217013 8.9759132826977162
2 -0.20437979180898283 -0.66513265088871665 -4.4430622927108541 -0.2923717047227376 -0.951493126036841 -0.095810319810345393 0.95589059604186566 -0.29372294496468382 6.9388939039072268e-18 -0.028141689292702842 -0.091584183710472833 0.99539960951260142 8.9488255549431663
2 0.20437979180898169 -0.66513265088871554 -4.4430622927108541 0.29237170472273644 -0.95149312603684122 -0.095810319810345906 0.9558905960418661 0.29372294496468265 6.9388939039072284e-18 0.028141689292702866 -0.09158418371047336 0.99539960951260142 8.9488255549431663
2 0.038787776039676952 -0.039963823810786968 -4.3801111019783674 0.69465837045899737 -0.71572045526185435 -0.07206926023634766 0.71758644559759444 0.69646944878767703 -6.9388939039072268e-18 0.050194037951344708 -0.051715924289848759 0.99739962990217002 8.9759132826977162
7 0 0  6 7 2  -1.6493764696033715 -2.7127612985412939 4.0197822926802127  -1.8655883415605943 -2.5813030503678491 4.0197822967055314  -2.069250508061379 -2.4291517802019182 4.0197822814093138  -2.2578338952950929 -2.2578338952548576 4.019782307895932  -2.4291517804970058 -2.0692505078599877 4.0197822814093112  -2.5813030507748791 -1.8655883408911427 4.0197822967055323  -2.7127612985412921 -1.649376469603373 4.0197822926802136 
 0 7 1 7
2 -0.039963823810782173 0.038787776039672338 -4.3801111019783665 -0.71572045526185402 0.69465837045899781 -0.072069260236347563 -0.69646944878767747 -0.7175864455975941 6.9388939039072268e-18 -0.051715924289848662 0.050194037951344674 0.99739962990217013 8.9759132826977179
2 -0.66513265088870033 0.20437979180897839 -4.4430622927108523 -0.951493126036841 0.29237170472273744 -0.09581031981034617 -0.29372294496468371 -0.95589059604186588 3.4694469519536142e-18 -0.091584183710473582 0.02814168929270305 0.99539960951260131 8.9488255549431681
2 -0.66513265088870299 -0.20437979180897661 -4.4430622927108523 -0.95149312603684122 -0.29237170472273655 -0.095810319810345962 0.29372294496468276 -0.95589059604186599 0 -0.091584183710473402 -0.028141689292702901 0.99539960951260131 8.9488255549431681
2 -0.03996382381078397 -0.038787776039672123 -4.3801111019783674 -0.71572045526185435 -0.69465837045899737 -0.072069260236347091 0.69646944878767703 -0.71758644559759444 0 -0.051715924289848357 -0.050194037951344306 0.99739962990217002 8.9759132826977179
7 0 0  6 7 2  -2.7127612985412908 1.649376469603373 4.0197822926802154  -2.5813030504390753 1.8655883414434431 4.0197822967055341  -2.4291517802226812 2.0692505080757186 4.0197822814093218  -2.2578338952540635 2.2578338952652137 4.0197823078959205  -2.0692505080229591 2.4291517802971732 4.0197822814093218  -1.8655883412803245 2.5813030505382542 4.0197822967055341  -1.6493764696033615 2.7127612985412988 4.0197822926802154 
 0 7 1 7
2 0.038787776039663213 0.039963823810774707 -4.3801111019783656 0.69465837045899781 0.71572045526185402 -0.072069260236348298 -0.71758644559759421 0.69646944878767747 6.9388939039072268e-18 0.050194037951345166 0.051715924289849183 0.9973996299021699 8.9759132826977179
2 0.20437979180897262 0.66513265088868623 -4.4430622927108523 0.29237170472273716 0.95149312603684089 -0.09581031981034735 -0.95589059604186588 0.29372294496468349 3.4694469519536142e-18 0.028141689292703383 0.09158418371047472 0.99539960951260131 8.9488255549431699
2 -0.20437979180897337 0.66513265088868945 -4.4430622927108523 -0.29237170472273688 0.95149312603684111 -0.095810319810347336 -0.95589059604186599 -0.29372294496468315 0 -0.028141689292703335 0.091584183710474706 0.9953996095126012 8.9488255549431681
2 -0.038787776039665767 0.039963823810777392 -4.3801111019783665 -0.69465837045899737 0.71572045526185435 -0.07206926023634827 -0.71758644559759444 -0.69646944878767703 -1.3877787807814454e-17 -0.050194037951345138 0.051715924289849197 0.99739962990217002 8.9759132826977179
7 0 0  4 32 11  1.6493764696033673 2.712761298541297 4.0197822926802118  1.7492339988501573 2.652047260302413 4.0197822945393069  1.8461118505013492 2.5864320855767904 4.0197822911309666  1.9396483714030819 2.5161356315465992 4.0197822926802118  2.1190735271636929 2.3669825446236503 4.0197822926802118  2.2049880892652758 2.288156416507253 4.01978229268021  2.2869396969987599 2.2052178582557884 4.0197822926802136  2.3703747943524056 2.1120874912651626 4.0197822926802136  2.376077700830868 2.1056755547968482 4.0197822926802118  2.3817574627523763 2.0992431076660325 4.0197822926802136  2.4092319261020192 2.067900780447534 4.0197822926802136  2.4307039087647841 2.0427080068378825 4.01978229268021  2.4518235932170556 2.0172191698645374 4.0197822926802136  2.479505416978808 1.9828492660490475 4.0197822926802136  2.4863860599969634 1.9742247243958404 4.0197822926802118  2.4932266672164261 1.9655683937679127 4.0197822926802136  2.512368399954819 1.9411137335424469 4.0197822926802136  2.5245771989907455 1.9252431359236957 4.0197822926802127  2.5366521076820892 1.909270433498262 4.0197822926802118  2.558582264203614 1.8797484087890985 4.0197822926802118  2.5684780422098266 1.8662291939067845 4.0197822926802145  2.5782784516816375 1.8526406852481101 4.0197822926802136  2.5948468033791618 1.8293242174839017 4.0197822926802136  2.6016627616251533 1.8196303778632963 4.0197822926802145  2.6084303916870342 1.8099027370009593 4.0197822926802118  2.6230269534751551 1.7886976333449587 4.0197822926802118  2.6308376901880468 1.7772076459802033 4.0197822926802163  2.638581251790173 1.7656722798674769 4.0197822926802118  2.6633926167221191 1.7282413757239876 4.0197822926802118  2.6801912819845422 1.7021674363245858 4.0197822922690731  2.6966488715498813 1.6758768836130842 4.0197822931735843  2.7127612985412997 1.6493764696033653 4.0197822926802136 
 0 5 0.30789124995640549 3 0.61470596398369182 3 0.63731337003772981 3 0.7245133646654659 3 0.75358002959168013 3 0.80633064370578078 3 0.8504689126636682 3 0.88168866388047307 3 0.91829113082337899 3 1 5
2 0.039963823810790097 -0.038787776039678118 -4.3801111019783674 0.71572045526185402 -0.69465837045899781 -0.072069260236347049 0.69646944878767736 0.71758644559759399 1.3877787807814451e-17 0.051715924289848295 -0.05019403795134432 0.99739962990217002 8.9759132826977162
2 0.66513265088870854 -0.20437979180897914 -4.4430622927108532 0.95149312603684089 -0.2923717047227376 -0.095810319810346364 0.29372294496468382 0.95589059604186566 0 0.091584183710473749 -0.02814168929270312 0.99539960951260131 8.9488255549431663
2 0 -6.0000000000000001e-17 0 0 -1 0 1 0 0 -0 0 1 3.2499999999999987
1 2.821e-14 3.3372538854120526 -16.87011828489824 -1.6e-15 -0.10018806161207629 0.99496851825091182 
5 -0.34389870470075817 1.11918235687703 -4.1081392336280107 -0.29237170472273694 0.951493126036841 -0.095810319810347294 -0.028141689292704001 0.091584183710474457 0.9953996095126012 0.95589059604186588 0.29372294496468326 6.9735883734267645e-16 0.62541683026045081 1.1692924760199936
5 -0.27381792136157196 0.89111177912482664 -6.5869664157705099 -0.29237170472273694 0.951493126036841 -0.095810319810347294 -0.028141689292704001 0.091584183710474457 0.9953996095126012 0.95589059604186588 0.29372294496468326 6.9735883734267645e-16 1.8784094974523693 0.91469497146687806
1 -0.98999999999997279 3.6384043644956718 -16.839794026191065 -1.6e-15 -0.10018806161207629 0.99496851825091182 
5 -0.14408320169610986 0.14845181329260917 -6.8877984914262056 -0.69465837045899759 0.71572045526185402 -0.072069260236348909 -0.050194037951345784 0.051715924289849446 0.9973996299021699 0.71758644559759421 0.69646944878767725 2.7755575615628909e-16 0.41601196664501633 0.20469247437049737
5 0.14845181329262686 -0.14408320169612726 -6.8877984914262029 0.71572045526185424 -0.69465837045899759 -0.072069260236346425 0.051715924289847677 -0.050194037951344063 0.99739962990217013 -0.69646944878767725 -0.71758644559759432 -2.8449465006019636e-16 0.41601196664503903 0.20469247437050858
5 0.89111177912483852 -0.27381792136158206 -6.5869664157705063 0.95149312603684111 -0.2923717047227371 -0.095810319810345518 0.091584183710473041 -0.028141689292702617 0.99539960951260142 -0.29372294496468332 -0.95589059604186588 2.2204460492503131e-16 1.8784094974523744 0.91469497146688072
2 3.47e-15 1.7e-16 -3.1270935326850093 2.2e-16 -8.2999999999999998e-16 -1 -3.2999999999999999e-16 1 -8.3000000000000008e-16 1 3.3000000000000019e-16 2.1999999999999973e-16 1.9050000000000007
1 -16.839794026191065 0.99000000000002342 3.6384043644956718 0.99496851825091182 -1.2e-15 -0.1001880616120764 
5 1.1191823568770378 -0.34389870470076478 -4.1081392336280089 0.95149312603684111 -0.2923717047227371 -0.095810319810345518 0.091584183710473041 -0.028141689292702617 0.99539960951260142 -0.29372294496468332 -0.95589059604186588 2.2204460492503131e-16 0.62541683026045214 1.1692924760199963
1 -16.87011828489824 2.206e-14 3.3372538854120544 0.99496851825091182 -1.2e-15 -0.1001880616120764 
5 1.1191823568770343 0.34389870470075945 -4.1081392336280054 0.95149312603684111 0.29237170472273694 -0.095810319810346184 0.091584183710473374 0.028141689292703723 0.99539960951260131 0.29372294496468326 -0.95589059604186588 7.4940054162198066e-16 0.62541683026045003 1.1692924760199921
5 0.89111177912483353 0.27381792136157385 -6.5869664157705081 0.95149312603684111 0.29237170472273694 -0.095810319810346184 0.091584183710473374 0.028141689292703723 0.99539960951260131 0.29372294496468326 -0.95589059604186588 7.4940054162198066e-16 1.8784094974523642 0.91469497146687562
1 -16.839794026191065 -0.9899999999999789 3.6384043644956745 0.99496851825091182 -1.2e-15 -0.1001880616120764 
5 0.14845181329261645 0.14408320169611019 -6.8877984914262065 0.71572045526185424 0.69465837045899759 -0.072069260236347965 0.051715924289848274 0.050194037951345624 0.9973996299021699 0.69646944878767725 -0.71758644559759432 9.8532293435482643e-16 0.41601196664500995 0.2046924743704942
