<?xml version='1.0' encoding='utf-8'?>
<!-- FreeCAD DocumentObject -->
<Document SchemaVersion="4" FileVersion="2">
<Object name="Pocket001">
  <Properties Count="35" TransientCount="2">
    <_Property name="_Body" type="App::PropertyLinkHidden" status="251658241"/>
    <_Property name="_ElementMapVersion" type="App::PropertyString" status="234881024"/>
    <Property name="AddSubShape" type="Part::PropertyPartShape">
      <Part HasherIndex="0" ElementMap="1.15.70200.3.0" brep="1">
<![CDATA[

CASCADE Topology V1, (c) Matra-Datavision
Locations 13
1
              1               0               0               0 
              0               1               0               0 
              0               0               1               0 
1
              1               0               0               0 
              0 0.994968518250912 -0.100188061612076               0 
              0 0.100188061612076 0.994968518250912           -3.13 
1
             -0               0               1               0 
              1              -0               0               0 
              0               1              -0               0 
1
              1               0               0 -2.02718931403235 
              0               1               0 20.1320348506846 
              0               0               1          -4e-15 
2  1 1 2 1 3 -1 4 1 0
1
              1               0               0 4.05437862806471 
              0               1               0 -40.2640697013691 
              0               0               1           9e-15 
2  1 1 2 1 3 -1 4 1 6 1 0
2  4 -1 3 1 2 -1 1 -1 0
2  6 -1 4 -1 3 1 2 -1 1 -1 0
2  2 -1 1 -1 0
2  3 -1 4 1 0
2  1 1 2 1 0
2  3 -1 4 1 6 1 0
Curve2ds 25
1 0 0 2.9999999999999999e-16 -1 
1 15.240000000000004 -2.0000000000000001e-17 -2e-16 -1 
1 -2.1000000000000001e-16 -0 2.5999999999999998e-16 -1 
1 9.2167846084405838 -1.76e-15 2.9999999999999999e-16 -1 
1 0 0 1 -2.0000000000000001e-17 
1 1.1270000000000001e-14 -40.467682105309905 1 -2.0000000000000001e-17 
1 -2.0305531479650978 7.6200000000000001 0.69465837045899748 -0.71933980033865097 
1 1.0352348389222767 -4.1000000000000001e-16 2.5999999999999998e-16 -1 
1 0 0 1.2e-16 -1 
1 0 0 1 0 
1 1.026e-14 -40.467682105309905 1 0 
1 4.371963429005806 0.99000000000000021 0.29237170472273694 -0.95630475596303544 
1 1.0352348389222772 4.5000000000000002e-16 1.2e-16 -1 
1 0 0 -1.0000000000000001e-17 -1 
1 0 0 1 -1.0000000000000001e-17 
1 4.7900000000000001e-15 -40.467682105309912 1 -1.0000000000000001e-17 
1 4.6746368036498804 2e-16 -0.29237170472273694 -0.95630475596303544 
1 9.2167846084405873 1.8099999999999998e-15 -1.0000000000000001e-17 -1 
1 0 0 -2e-16 -1 
1 0 0 1 2.0000000000000001e-17 
1 -1.9000000000000001e-16 -40.467682105309912 1 2.0000000000000001e-17 
1 4.371963429005806 -0.98999999999999977 -0.69465837045899748 -0.71933980033865097 
1 0 0 1 0 
1 -7.9799999999999995e-15 -40.467682105309905 1 0 
1 -2.0305531479650978 -7.6200000000000001 0 1 
Curves 10
1 -10.008706796161306 16.198338300905149 -7.6200000000000054 0.10018806161207629 -0.9949685182509117 2.2e-16 
1 -3.6384043644956674 16.839794026191047 -0.9900000000000041 0.10018806161207629 -0.9949685182509117 2.2e-16 
1 -7.6200000000000001 -8.0218794220343064 0 0.71933980033865097 0.69465837045899748 0 
1 -3.3372538854120499 16.870118284898222 -3.7499999999999998e-15 0.10018806161207629 -0.9949685182509117 2.2e-16 
1 -0.98999999999999999 -1.6193628450634023 0 0.95630475596303544 0.29237170472273694 0 
1 -3.6384043644956678 16.839794026191047 0.98999999999999644 0.10018806161207629 -0.9949685182509117 2.2e-16 
1 0 -1.3166894704193284 0 0.95630475596303544 -0.29237170472273694 0 
1 -10.008706796161309 16.198338300905149 7.6199999999999983 0.10018806161207629 -0.9949685182509117 2.2e-16 
1 0.98999999999999999 -1.6193628450634023 0 0.71933980033865097 -0.69465837045899748 0 
1 7.6200000000000001 -8.0218794220343064 0 -1 0 0 
Polygon3D 0
PolygonOnTriangulations 0
Surfaces 6
1 -10.008706796161306 16.198338300905149 -7.6200000000000054 -0.71572045526185435 -0.072069260236347271 0.69465837045899759 0.6911632095461816 0.06959647561889043 0.71933980033865097 -0.10018806161207608 0.9949685182509117 -2.0816681711721682e-17 
1 -10.008706796161309 16.198338300905149 7.6199999999999983 0.9949685182509117 0.10018806161207629 2.2e-16 2.211013565069093e-16 1.1090076876509421e-19 -1 -0.10018806161207629 0.9949685182509117 -2.2041373554656783e-17 
1 -3.638404364495667 16.839794026191047 -0.99000000000000399 -0.95149312603684111 -0.095810319810346101 0.29237170472273677 0.29090064182647446 0.029292154366389281 0.95630475596303544 -0.1001880616120762 0.9949685182509117 2.0816681711721685e-17 
1 2e-16 -5.9611810252683961 -3.7302593658844967 0 -0.10018806161207622 0.9949685182509117 0 0.9949685182509117 0.10018806161207622 -1 0 0 
1 -3.3372538854120499 16.870118284898222 -3.7499999999999998e-15 -0.95149312603684111 -0.095810319810346239 -0.29237170472273721 -0.2909006418264749 -0.02929215436638927 0.95630475596303532 -0.10018806161207633 0.99496851825091182 -1.1449174941446927e-16 
1 -3.6384043644956678 16.839794026191047 0.98999999999999644 -0.71572045526185413 -0.072069260236347563 -0.69465837045899759 -0.69116320954618182 -0.069596475618890402 0.71933980033865097 -0.1001880616120763 0.99496851825091182 -2.2898349882893854e-16 
Triangulations 0

TShapes 29
Ve
1e-07
-7.62 -8.02187942203431 0
0 0

0101101
*
Ed
 1e-07 1 1 0
1  1 0 0 40.4676821053099
2  1 1 0 0 40.4676821053099
2  2 2 0 0 40.4676821053099
0

0101000
+29 5 -29 7 *
Ve
1e-07
-0.99 -1.6193628450634 0
0 0

0101101
*
Ed
 1e-07 1 1 0
1  2 0 0 40.4676821053099
2  3 3 0 0 40.4676821053099
2  4 1 0 0 40.4676821053099
0

0101000
+27 5 -27 7 *
Ed
 1e-07 1 1 0
1  3 0 0 9.21678460844058
2  5 1 8 0 9.21678460844058
2  6 1 9 0 9.21678460844058
2  7 4 10 0 9.21678460844058
0

0101000
+29 0 -27 0 *
Wi

0101100
+28 0 -26 0 -25 5 +25 7 *
Fa
0  1e-07 1 0

0111000
+24 0 *
Ve
1e-07
0 -1.31668947041933 0
0 0

0101101
*
Ed
 1e-07 1 1 0
1  4 0 0 40.4676821053099
2  8 3 0 0 40.4676821053099
2  9 5 0 0 40.4676821053099
0

0101000
+22 5 -22 7 *
Ed
 1e-07 1 1 0
1  5 0 0 1.03523483892228
2  10 3 8 0 1.03523483892228
2  11 3 9 0 1.03523483892228
2  12 4 10 0 1.03523483892228
0

0101000
+27 0 -22 0 *
Wi

0101100
+26 0 -21 0 -20 5 +20 7 *
Fa
0  1e-07 3 0

0111000
+19 0 *
Ve
1e-07
0.99 -1.6193628450634 0
0 0

0101101
*
Ed
 1e-07 1 1 0
1  6 0 0 40.4676821053099
2  13 5 0 0 40.4676821053099
2  14 6 0 0 40.4676821053099
0

0101000
+17 5 -17 7 *
Ed
 1e-07 1 1 0
1  7 0 0 1.03523483892228
2  15 5 8 0 1.03523483892228
2  16 5 9 0 1.03523483892228
2  17 4 10 0 1.03523483892228
0

0101000
+22 0 -17 0 *
Wi

0101100
+21 0 -16 0 -15 5 +15 7 *
Fa
0  1e-07 5 0

0111000
+14 0 *
Ve
1e-07
7.62 -8.02187942203431 0
0 0

0101101
*
Ed
 1e-07 1 1 0
1  8 0 0 40.4676821053099
2  18 6 0 0 40.4676821053099
2  19 2 0 0 40.4676821053099
0

0101000
+12 5 -12 7 *
Ed
 1e-07 1 1 0
1  9 0 0 9.21678460844058
2  20 6 8 0 9.21678460844058
2  21 6 9 0 9.21678460844058
2  22 4 10 0 9.21678460844058
0

0101000
+17 0 -12 0 *
Wi

0101100
+16 0 -11 0 -10 5 +10 7 *
Fa
0  1e-07 6 0

0111000
+9 0 *
Ed
 1e-07 1 1 0
1  10 0 0 15.24
2  23 2 8 0 15.24
2  24 2 9 0 15.24
2  25 4 10 0 15.24
0

0101000
+12 0 -29 0 *
Wi

0101100
+11 0 -28 0 -7 5 +7 7 *
Fa
0  1e-07 2 0

0111000
+6 0 *
Wi

0101100
+25 0 +20 0 +15 0 +10 0 +7 0 *
Fa
0  1e-07 4 0

0111000
-4 12 *
Sh

0101100
-23 0 -18 0 -13 0 -8 0 -5 0 +3 11 -3 13 *
So

0100000
+2 0 *

+1 0 ]]>
      </Part>
      <ElementMap count="37">
<![CDATA[
Edge1	#ff;:G;XTR;:T4922:3:E 2 1 255
Edge10	#109;:U;XTR;:T4922:4:E 3 21 261 265
Edge11	#100;:G;XTR;:T4922:4:E 2 9 256
Edge12	#16;:T4922:3:E 1 22
Edge13	#10a;:U;XTR;:T4922:4:E 3 22 262 266
Edge14	#ed;:T4922:3:E 1 237
Edge15	#10b;:U;XTR;:T4922:4:E 3 237 263 267
Edge2	#101;:G;XTR;:T4922:4:E 2 3 257
Edge3	#13;:T4922:3:E 1 19
Edge4	#10c;:U;XTR;:T4922:4:E 3 19 254 268
Edge5	#102;:G;XTR;:T4922:4:E 2 5 258
Edge6	#14;:T4922:3:E 1 20
Edge7	#10d;:U;XTR;:T4922:4:E 3 20 260 269
Edge8	#103;:G;XTR;:T4922:4:E 2 6 259
Edge9	#15;:T4922:3:E 1 21
Face1	#fe;:G;XTR;:T4922:3:F 2 19 254
Face2	#104;:G;XTR;:T4922:4:F 2 20 260
Face3	#105;:G;XTR;:T4922:4:F 2 21 261
Face4	#106;:G;XTR;:T4922:4:F 2 22 262
Face5	#107;:G;XTR;:T4922:4:F 2 237 263
Face6	#fe;FAC;:T4922:3:F 1 254
Face7	#108;:G0;XTR;:T4922:4:F 2 254 264
Vertex1	#1;:T4922:2:V 1 1
Vertex1	#b;:T4922:2:V 1 11
Vertex10	#10e;:U;XTR;:T4922:4:V 3 9 256 270
Vertex2	#10f;:U;XTR;:T4922:4:V 3 1 255 271
Vertex3	#3;:T4922:2:V 1 3
Vertex3	#4;:T4922:2:V 1 4
Vertex4	#110;:U;XTR;:T4922:4:V 3 3 257 272
Vertex5	#5;:T4922:2:V 1 5
Vertex5	#7;:T4922:2:V 1 7
Vertex6	#111;:U;XTR;:T4922:4:V 3 5 258 273
Vertex7	#6;:T4922:2:V 1 6
Vertex7	#8;:T4922:2:V 1 8
Vertex8	#112;:U;XTR;:T4922:4:V 3 6 259 274
Vertex9	#9;:T4922:2:V 1 9
Vertex9	#a;:T4922:2:V 1 10
]]>
      </ElementMap>
    </Property>
    <Property name="AllowMultiFace" type="App::PropertyBool">
      <Bool value="true"/>
    </Property>
    <Property name="BaseFeature" type="App::PropertyLink" status="8">
      <Link value="Revolution001"/>
    </Property>
    <Property name="ClaimChildren" type="App::PropertyBool" status="134217728">
      <Bool value="false"/>
    </Property>
    <Property name="ColoredElements" type="App::PropertyLinkSubHidden" status="218103808">
      <LinkSub value="" count="0">
      </LinkSub>
    </Property>
    <Property name="ExpressionEngine" type="App::PropertyExpressionEngine" status="67108864">
      <ExpressionEngine count="0"></ExpressionEngine>
    </Property>
    <Property name="Fit" type="App::PropertyDistance">
      <Float value="0"/>
    </Property>
    <Property name="FitJoin" type="App::PropertyEnumeration">
      <Integer value="0"/>
    </Property>
    <Property name="InnerFit" type="App::PropertyDistance">
      <Float value="0"/>
    </Property>
    <Property name="InnerFitJoin" type="App::PropertyEnumeration">
      <Integer value="0"/>
    </Property>
    <Property name="InnerTaperAngle" type="App::PropertyAngle">
      <Float value="0"/>
    </Property>
    <Property name="InnerTaperAngleRev" type="App::PropertyAngle">
      <Float value="0"/>
    </Property>
    <Property name="Label" type="App::PropertyString" status="134217728">
      <String value="Pocket001"/>
    </Property>
    <Property name="Label2" type="App::PropertyString" status="128">
      <String value=""/>
    </Property>
    <Property name="Length" type="App::PropertyLength">
      <Float value="5"/>
    </Property>
    <Property name="Length2" type="App::PropertyLength">
      <Float value="100"/>
    </Property>
    <Property name="Linearize" type="App::PropertyBool">
      <Bool value="true"/>
    </Property>
    <Property name="Midplane" type="App::PropertyBool">
      <Bool value="true"/>
    </Property>
    <Property name="NewSolid" type="App::PropertyBool">
      <Bool value="false"/>
    </Property>
    <Property name="Offset" type="App::PropertyLength">
      <Float value="0"/>
    </Property>
    <Property name="Placement" type="App::PropertyPlacement" status="8388620">
      <PropertyPlacement Px="0" Py="0" Pz="0" Q0="0.5" Q1="0.5" Q2="0.5" Q3="0.5000000000000001" A="2.094395102393195" Ox="0.5773502691896258" Oy="0.5773502691896258" Oz="0.5773502691896258"/>
    </Property>
    <Property name="Profile" type="App::PropertyLinkSub">
      <LinkSub value="Sketch004" count="0">
      </LinkSub>
    </Property>
    <Property name="Refine" type="App::PropertyBool">
      <Bool value="false"/>
    </Property>
    <Property name="Reversed" type="App::PropertyBool">
      <Bool value="false"/>
    </Property>
    <Property name="Shape" type="Part::PropertyPartShape">
      <Part HasherIndex="0" ElementMap="1.15.70200.3.0" brep="1">
<![CDATA[

CASCADE Topology V1, (c) Matra-Datavision
Locations 11
1
              0              -0               1               0 
              1               0               0               0 
             -0               1               0               0 
1
              0              -0               1               0 
              1               0               0               0 
             -0               1               0               0 
1
             -0               0               1               0 
              1              -0               0               0 
              0               1              -0               0 
2  2 1 3 -1 0
1
              1               0               0               0 
              0               1               0               0 
              0               0               1               0 
1
              0              -0               1               0 
              1               0              -0               0 
             -0               1               0               0 
1
             -0               0               1               0 
              1              -0               0               0 
              0               1              -0               0 
2  5 1 6 1 7 -1 2 1 3 -1 0
2  7 1 6 -1 5 -1 0
2  5 1 6 1 7 -1 0
2  3 1 2 -1 0
Curve2ds 35
1 6.2831853071795862 0 0 1 
1 0 0 0 1 
1 0 2.1575459465625624 1 0 
1 0 0 1 0 
8 -1.0274099781143757 -0.23316463508680671
7 0 0  7 8 2  2.5953068189064719 2.1575459465625637  2.6649509961630189 1.9742969426836612  2.741496275285499 1.8224342210659188  2.8251649714527503 1.6981045896784508  2.9158649208634415 1.5984444204862029  3.0129727104455242 1.5213786970920751  3.1150068104429751 1.4655179887017835  3.2200754334825028 1.4301178410325055 
 -1.0274099781143757 8 -0.23316463508680671 8
8 -1.0274099781143757 -0.23316463508680671
5 -0.35961204057218943 -21.094930085654955 -0.02942753250700296 0.99956691638456574 -0.99956691638456574 -0.02942753250700296 0.62541683026044959 1.1692924760199916
8 0.23316463508680932 1.0274099781143766
7 0 0  7 8 2  3.0631098736970856 1.4301178410325048  3.1681784967366129 1.4655179887017831  3.2702125967346092 1.5213786970916203  3.3673203863145318 1.5984444204880219  3.4580203357295431 1.6981045896764044  3.5416890318933838 1.8224342210666578  3.6182343110165678 1.974296942683661  3.6878784882731144 2.1575459465625628 
 0.23316463508680932 8 1.0274099781143766 8
8 0.23316463508680932 1.0274099781143766
5 1.3948468794944779 -21.094930085654951 0.029427532507001489 0.99956691638456574 -0.99956691638456574 0.029427532507001489 0.62541683026044881 1.1692924760199901
1 0 0 1 0 
1 6.2831853071795862 0 0 1 
1 0 0 0 1 
1 0 4.6116159012030389 1 0 
2 0 0 1 -0 0 1 3.9626929296419116
8 -3.6374167457925184 -2.8943412844117038
7 0 0  6 7 2  2.5385747645749563 4.6116159012030371  2.5449720116631793 3.5215705342829904  2.5523114813601069 2.5937460568860331  2.5607648740942182 1.7980551663403332  2.5705444327136036 1.1118432131226683  2.5819170331142756 0.51724953542553664  2.5952242907550493 -8.9000000000000007e-16 
 -3.6374167457925184 7 -2.8943412844117038 7
8 -3.6374167457925184 -2.8943412844117038
5 -1.5765611761815674 -23.957859150138212 -0.069777924046069292 0.99756255007684658 -0.99756255007684658 -0.069777924046069292 0.41601196664502998 0.20469247437050417
8 -1.2889449894288927 -1.2259427583716573
7 0 0  5 6 2  2.5657767098419622 0.21275082492300931  2.5715396969579345 0.16861033515933666  2.5773736267707434 0.12527934338077018  2.5832790933844301 0.082743249136069341  2.5892566536635062 0.040987987271265743  2.5953068189064719 9.8999999999999992e-16 
 -1.2889449894288927 6 -1.2259427583716573 6
8 -1.2889449894288927 -1.2259427583716573
5 -0.28632914314624114 -23.584135043167098 -0.02942753250700296 0.99956691638456574 -0.99956691638456574 -0.02942753250700296 1.8784094974523653 0.91469497146687639
8 -1.0564172969614871 -0.020733920538098478
1 -1.7331269752868432 -0.019819359661448158 0.29372294496468326 -0.95589059604186599 
8 -1.0564172969614871 -0.020733920538098478
1 -0.020724941016829718 -15.950982440097102 -0.99956691638456574 -0.029427532507002949 
1 1.0352348389222772 4.5000000000000002e-16 1.2e-16 -1 
1 0 0 -1.0000000000000001e-17 -1 
1 1.0352348389222767 -4.1000000000000001e-16 2.5999999999999998e-16 -1 
1 0 0 1.2e-16 -1 
8 -0.4966593272996046 0.53902404912378976
1 -1.8850972437465741 -0.47475198040216365 -0.29372294496468321 -0.95589059604186588 
8 -0.4966593272996046 0.53902404912378976
1 0.53879060663978884 -15.935756833477452 -0.99956691638456574 0.029427532507001478 
8 1.2259427583716596 1.2889449894288973
7 0 0  5 6 2  3.6878784882731144 -2.9999999999999999e-16  3.69392865351608 0.040987987271266048  3.6999062137951739 0.082743249136069119  3.7058116804088499 0.12527934338077262  3.7116456102216535 0.16861033515934234  3.7174085973376259 0.21275082492301686 
 1.2259427583716596 6 1.2889449894288973 6
8 1.2259427583716596 1.2889449894288973
5 1.3215639820685332 -23.584135043167098 0.029427532507001489 0.99956691638456574 -0.99956691638456574 0.029427532507001489 1.8784094974523613 0.91469497146687417
1 -2.1000000000000001e-16 -0 2.5999999999999998e-16 -1 
1 9.2167846084405838 -1.76e-15 2.9999999999999999e-16 -1 
8 2.8943412844117429 3.637416745792557
7 0 0  6 7 2  3.6879610164245391 5.9999999999999999e-16  3.7012682740653124 0.5172495354255382  3.7126408744659045 1.1118432131226541  3.7224204330852899 1.7980551663403332  3.7308738258193728 2.5937460568860189  3.7382132955164074 3.5215705342829926  3.7446105426046303 4.6116159012030389 
 2.8943412844117429 7 3.637416745792557 7
8 2.8943412844117429 3.637416745792557
5 10.793345784622161 -23.957859150138209 0.069777924046068182 0.99756255007684658 -0.99756255007684658 0.069777924046068182 0.41601196664501405 0.2046924743704962
8 -4.0857927492818815 -1.3300768192856167
1 -4.889050798815032 -3.9219094964056009 -0.69646944878767736 -0.71758644559759421 
8 -4.0857927492818815 -1.3300768192856167
1 5.1409507743814729 -15.634796549622443 -0.99756255007684669 0.069777924046068182 
8 -3.2670827594668848 -0.51136682947063117
1 -1.6872696010122878 0.62305009444366011 0.69646944878767714 -0.71758644559759444 
8 -3.2670827594668848 -0.51136682947063117
1 -0.51012039843143531 -15.955576801536289 -0.99756255007684658 -0.069777924046069278 
Curves 17
1 0 -4.1399999999999997 0 0.88294759285895053 0.46947156278584645 0 
2 -8.7000000000000004e-16 -3.1270935326850067 1.3899999999999999e-15 -2.8000000000000001e-16 -1 4.4e-16 1 -2.7999999999999992e-16 2.2e-16 -2.1999999999999988e-16 4.4000000000000005e-16 1 1.9050000000000007
5 -1.1191823568770312 -4.1081392336280089 -0.34389870470075828 -0.951493126036841 -0.095810319810346239 -0.29237170472273721 -0.091584183710473402 0.99539960951260131 -0.028141689292703859 0.29372294496468354 -8.4307560932472825e-16 -0.95589059604186577 0.62541683026044959 1.1692924760199916
5 -1.11918235687703 -4.1081392336280089 0.34389870470076372 -0.95149312603684111 -0.095810319810346101 0.29237170472273682 -0.091584183710473707 0.99539960951260131 0.028141689292702377 -0.2937229449646831 -6.1756155744774342e-16 -0.95589059604186599 0.62541683026044881 1.1692924760199901
1 1.905 -3.1270935326850053 0 0.44619781302799255 0.89493436164281714 0 
2 2.8000000000000001e-16 0.99999999999999978 -4.4e-16 -2.8000000000000001e-16 -1 4.4e-16 1 -2.7999999999999992e-16 2.2e-16 -2.1999999999999988e-16 4.4000000000000005e-16 1 3.9626929296419116
5 -0.14845181329262022 -6.8877984914262047 -0.14408320169611533 -0.71572045526185413 -0.072069260236347563 -0.69465837045899759 -0.051715924289848107 0.99739962990217013 -0.050194037951345263 0.69646944878767725 -8.3960616237277444e-16 -0.71758644559759421 0.41601196664502998 0.20469247437050417
5 -0.89111177912483064 -6.5869664157705099 -0.27381792136157235 -0.951493126036841 -0.095810319810346239 -0.29237170472273721 -0.091584183710473402 0.99539960951260131 -0.028141689292703859 0.29372294496468354 -8.4307560932472825e-16 -0.95589059604186577 1.8784094974523653 0.91469497146687639
1 -1.7331269752868428 0.99999999999999822 -0.019819359661449709 0.29372294496468349 -8.5999999999999997e-16 -0.95589059604186588 
1 -3.6384043644956678 16.839794026191047 0.98999999999999644 0.10018806161207629 -0.9949685182509117 2.2e-16 
1 -3.3372538854120499 16.870118284898222 -3.7499999999999998e-15 0.10018806161207629 -0.9949685182509117 2.2e-16 
1 -1.8850972437465736 0.99999999999999944 -0.47475198040216526 -0.29372294496468299 -6.2999999999999998e-16 -0.95589059604186599 
5 -0.89111177912482864 -6.5869664157705099 0.27381792136158151 -0.95149312603684111 -0.095810319810346101 0.29237170472273682 -0.091584183710473707 0.99539960951260131 0.028141689292702377 -0.2937229449646831 -6.1756155744774342e-16 -0.95589059604186599 1.8784094974523613 0.91469497146687417
1 -3.6384043644956674 16.839794026191047 -0.9900000000000041 0.10018806161207629 -0.9949685182509117 2.2e-16 
5 -0.1484518132926145 -6.8877984914262047 0.14408320169612043 -0.71572045526185435 -0.072069260236347257 0.69465837045899748 -0.051715924289848669 0.99739962990217013 0.050194037951344229 -0.69646944878767703 -2.7755575615628909e-16 -0.71758644559759444 0.41601196664501405 0.2046924743704962
1 -4.8890507988150311 0.99999999999999578 -3.921909496405604 -0.69646944878767714 -2.8999999999999998e-16 -0.71758644559759444 
1 -1.6872696010122876 0.99999999999999978 0.62305009444365855 0.69646944878767736 -8.2999999999999998e-16 -0.71758644559759421 
Polygon3D 0
PolygonOnTriangulations 0
Surfaces 7
3 -1.15e-15 -4.1400000000000006 1.8399999999999999e-15 2.8000000000000001e-16 1 -4.4e-16 1 -2.7999999999999992e-16 2.2e-16 -2.1999999999999988e-16 4.4000000000000005e-16 1 2.2999999999999999e-16
1.0821041362365347
3 -8.7000000000000004e-16 -3.1270935326850067 1.3899999999999999e-15 2.8000000000000001e-16 1 -4.4e-16 1 -2.7999999999999992e-16 2.2e-16 -2.1999999999999988e-16 4.4000000000000005e-16 1 1.9050000000000007
0.46251225168707594
1 -3.3372538854120499 16.870118284898222 -3.7499999999999998e-15 -0.95149312603684111 -0.095810319810346239 -0.29237170472273721 -0.2909006418264749 -0.02929215436638927 0.95630475596303532 -0.10018806161207633 0.99496851825091182 -1.1449174941446927e-16 
1 -3.638404364495667 16.839794026191047 -0.99000000000000399 -0.95149312603684111 -0.095810319810346101 0.29237170472273677 0.29090064182647446 0.029292154366389281 0.95630475596303544 -0.1001880616120762 0.9949685182509117 2.0816681711721685e-17 
1 2.8000000000000001e-16 0.99999999999999956 -4.4e-16 2.8000000000000001e-16 1 -4.4e-16 1 -2.7999999999999992e-16 2.2e-16 -2.1999999999999988e-16 4.4000000000000005e-16 1 
1 -3.6384043644956678 16.839794026191047 0.98999999999999644 -0.71572045526185413 -0.072069260236347563 -0.69465837045899759 -0.69116320954618182 -0.069596475618890402 0.71933980033865097 -0.1001880616120763 0.99496851825091182 -2.2898349882893854e-16 
1 -10.008706796161306 16.198338300905149 -7.6200000000000054 -0.71572045526185435 -0.072069260236347271 0.69465837045899759 0.6911632095461816 0.06959647561889043 0.71933980033865097 -0.10018806161207608 0.9949685182509117 -2.0816681711721682e-17 
Triangulations 0

TShapes 51
Ve
1e-07
0 -4.14 0
0 0

0101101
*
Ve
1e-07
1.905 -3.127093532685 0
0 0

0101101
*
Ed
 1e-07 1 1 0
1  1 0 0 2.15754594656256
3  1 2CN 1 9 0 2.15754594656256
0

0101000
+51 0 -50 0 *
Ve
1.00000003e-07
-1.62774626967588 -3.12709353268501 0.989680292597701
0 0

0101101
*
Ed
 1e-07 1 1 0
1  2 0 0 2.59530681890647
2  3 1 0 0 2.59530681890647
2  4 2 0 0 2.59530681890647
0

0101000
+50 10 -48 11 *
Ve
1.00000001e-07
-1.29075358456636 -3.45369414513529 1e-15
0 0

0101101
*
Ed
 1e-07 1 1 0
1  3 0 -1.02740997811438 -0.318805706013436
2  5 1 4 -1.02740997811438 -0.318805706013436
2  6 3 0 -1.02740997811438 -0.318805706013436
0

0101000
+48 0 -46 0 *
Ve
1.00000001e-07
-1.62774626967588 -3.12709353268501 -0.989680292597698
0 0

0101101
*
Ed
 1e-07 1 1 0
1  4 0 0.318805706013439 1.02740997811438
2  7 1 4 0.318805706013439 1.02740997811438
2  8 4 0 0.318805706013439 1.02740997811438
0

0101000
+46 0 -44 0 *
Ed
 1e-07 1 1 0
1  2 0 3.68787848827311 6.28318530717959
2  3 1 0 3.68787848827311 6.28318530717959
2  4 2 0 3.68787848827311 6.28318530717959
0

0101000
+44 11 -50 10 *
Ed
 1e-07 1 1 1
2  9 1 0 0 6.28318530717959
0

0101000
+51 10 -51 10 *
Wi

0101100
-49 8 -47 4 -45 0 -43 0 -42 4 +49 8 +41 4 *
Fa
0  1e-07 1 4

0101000
+40 0 *
Ve
1e-07
3.96269292964191 1 0
0 0

0101101
*
Ed
 1e-07 1 1 0
1  5 0 0 4.61161590120304
3  10 11CN 2 9 0 4.61161590120304
0

0101000
+50 0 -38 0 *
Ve
1.50000002e-07
-3.26378418155239 1 2.24736469467738
0 0

0101101
*
Ed
 1e-07 1 1 0
1  6 0 0 2.53857476457496
2  12 2 0 0 2.53857476457496
2  13 5 0 0 2.53857476457496
0

0101000
+38 10 -36 11 *
Ve
1.00000002e-07
-1.62790553994504 -3.12648742711951 0.990000000000001
0 0

0101101
*
Ed
 1e-07 1 1 0
1  7 0 -3.63741674579252 -2.89450342928532
2  14 2 4 -3.63741674579252 -2.89450342928532
2  15 6 0 -3.63741674579252 -2.89450342928532
0

0101000
+36 0 -34 0 *
Ed
 1e-07 1 1 0
1  8 0 -1.22615093534718 -1.22594275837166
2  16 2 4 -1.22615093534718 -1.22594275837166
2  17 3 0 -1.22615093534718 -1.22594275837166
0

0101000
+34 0 -48 0 *
Wi

0101100
-37 8 -35 4 -33 0 -32 0 +47 4 *
Fa
0  1e-07 2 4

0101000
+31 0 *
Ve
1.50000004e-07
-2.043420974862 1 0.99
0 0

0101101
*
Ve
1.50000007e-07
-1.73921700348796 1 -0
0 0

0101101
*
Ed
 1.5e-07 1 1 0
1  9 0 -1.05641729696149 -0.020733920538098
2  18 5 4 -1.05641729696149 -0.020733920538098
2  19 3 0 -1.05641729696149 -0.020733920538098
0

0101000
+29 0 -28 0 *
Ed
 1e-07 1 1 0
1  10 0 15.9198946857498 20.0672494526861
2  20 3 0 15.9198946857498 20.0672494526861
2  21 6 0 15.9198946857498 20.0672494526861
0

0101000
+29 0 -34 0 *
Ed
 1e-07 1 1 0
1  11 0 15.9503722919765 20.4265884369502
2  22 4 0 15.9503722919765 20.4265884369502
2  23 3 0 15.9503722919765 20.4265884369502
0

0101000
+28 0 -46 0 *
Wi

0101100
+27 0 -26 0 -32 0 -45 0 +25 0 *
Fa
0  1e-07 3 0

0101000
+24 0 *
Ve
1.50000011e-07
-2.043420974862 1 -0.990000000000001
0 0

0101101
*
Ed
 1.5e-07 1 1 0
1  12 0 -0.496659327299605 0.53902404912379
2  24 5 4 -0.496659327299605 0.53902404912379
2  25 4 0 -0.496659327299605 0.53902404912379
0

0101000
+28 0 -22 0 *
Ve
1.00000003e-07
-1.62790553994504 -3.12648742711951 -0.99
0 0

0101101
*
Ed
 1e-07 1 1 0
1  13 0 1.22594275837166 1.22615093534718
2  26 2 4 1.22594275837166 1.22615093534718
2  27 4 0 1.22594275837166 1.22615093534718
0

0101000
+44 0 -20 0 *
Ed
 1e-07 1 1 0
1  14 0 15.9198946857498 20.0672494526861
2  28 4 0 15.9198946857498 20.0672494526861
2  29 7 0 15.9198946857498 20.0672494526861
0

0101000
+22 0 -20 0 *
Wi

0101100
+21 0 -25 0 -43 0 -19 0 +18 0 *
Fa
0  1e-07 4 0

0101000
+17 0 *
Ve
1.50000004e-07
-3.26378418155239 1 -2.24736469467738
0 0

0101101
*
Ed
 1e-07 1 1 0
1  15 0 2.89450342928536 3.63741674579256
2  30 2 4 2.89450342928536 3.63741674579256
2  31 7 0 2.89450342928536 3.63741674579256
0

0101000
+20 0 -15 0 *
Ed
 1e-07 1 1 0
1  6 0 3.74461054260463 6.28318530717959
2  12 2 0 3.74461054260463 6.28318530717959
2  13 5 0 3.74461054260463 6.28318530717959
0

0101000
+15 11 -38 10 *
Wi

0101100
+42 4 -19 0 -14 0 -13 4 +37 8 *
Fa
0  1e-07 2 4

0101000
+12 0 *
Ed
 1.5e-07 1 1 0
1  16 0 -4.08579274928188 -2.333579197324
2  32 5 4 -4.08579274928188 -2.333579197324
2  33 7 0 -4.08579274928188 -2.333579197324
0

0101000
+22 0 -15 0 *
Ed
 1.5e-07 1 1 0
1  17 0 -2.2635803814285 -0.511366829470631
2  34 5 4 -2.2635803814285 -0.511366829470631
2  35 6 0 -2.2635803814285 -0.511366829470631
0

0101000
+36 0 -29 0 *
Wi

0101100
+13 4 +10 0 +21 0 +27 0 +9 0 +35 4 *
Fa
0  1e-07 5 4

0101000
+8 0 *
Wi

0101100
+9 0 -33 0 +26 0 *
Fa
0  1e-07 6 0

0101000
+6 0 *
Wi

0101100
-18 0 -14 0 +10 0 *
Fa
0  1e-07 7 0

0101000
+4 0 *
Sh

0101100
-39 0 -30 0 +23 0 +16 0 -11 0 -7 0 +5 0 +3 0 *
So

0100000
+2 0 *

+1 1 ]]>
      </Part>
      <ElementMap count="44">
<![CDATA[
Edge1	#11a;:T4930:4:E 3 19 240 282
Edge10	#109;:G3#11d;CUT;:T-4923:4:E 8 21 261 284 20 244 252 285 265
Edge11	#109;:G4#11f;CUT;:T-4923:4:E 9 21 261 286 5 243 245 253 287 265
Edge12	#112;:M;CUT;:T-4923:4:E 3 6 259 274
Edge13	#111;:M;CUT;:T-4923:4:E 3 5 258 273
Edge14	#10d;:G4#120;CUT;:T-4923:4:E 9 20 260 286 5 243 245 253 288 269
Edge15	#10d;:G3#121;CUT;:T-4923:4:E 8 20 260 284 20 244 252 289 269
Edge16	#110;:M;CUT;:T-4923:4:E 3 3 257 272
Edge17	#10c;:G2#122;CUT;:T-4923:4:E 8 19 254 284 20 244 252 290 268
Edge18	#123;:M2;CUT;:T4930:4:E 4 5 243 245 291
Edge19	#10c;:G3#124;CUT;:T-4923:4:E 9 19 254 286 5 243 245 253 292 268
Edge2	#125;:M;CUT;:T4930:4:E 4 3 242 250 293
Edge20	#10a;:G3#126;CUT;:T-4923:4:E 9 22 262 286 5 243 245 253 294 266
Edge3	#109;:G2#128;CUT;:T-4923:4:E 8 21 261 295 19 240 251 296 265
Edge4	#10d;:G2#129;CUT;:T-4923:4:E 8 20 260 295 19 240 251 297 269
Edge5	#125;:M2;CUT;:T4930:4:E 4 3 242 250 293
Edge6	#119;:T4930:4:E 4 1 241 249 281
Edge7	#11b;:T4930:4:E 3 20 244 283
Edge8	#123;:M;CUT;:T4930:4:E 4 5 243 245 291
Edge9	#10a;:G2#12a;CUT;:T-4923:4:E 8 22 262 284 20 244 252 298 266
Face1	#127;:M;CUT;:T4930:4:F 4 19 240 251 295
Face2	#11c;:M;CUT;:T4930:4:F 4 20 244 252 284
Face3	#109;:M;CUT;:T-4923:4:F 3 21 261 265
Face4	#10d;:M;CUT;:T-4923:4:F 3 20 260 269
Face5	#11c;:M2;CUT;:T4930:4:F 4 20 244 252 284
Face6	#11e;:M;CUT;:T4930:4:F 5 5 243 245 253 286
Face7	#10a;:M;CUT;:T-4923:4:F 3 22 262 266
Face8	#10c;:M;CUT;:T-4923:4:F 3 19 254 268
Vertex1	#113;:T4930:4:V 3 1 241 275
Vertex1	#114;:T4930:4:V 3 9 246 276
Vertex10	#111;:G2#12b;CUT;:T-4923:4:V 9 5 258 286 5 243 245 253 299 273
Vertex11	#110;:G2#12c;CUT;:T-4923:4:V 9 3 257 286 5 243 245 253 300 272
Vertex12	#110;:G#12d;CUT;:T-4923:4:V 8 3 257 284 20 244 252 301 272
Vertex13	#123;:G#12e;CUT;:T4930:4:V 8 5 243 245 268 19 254 302 291
Vertex2	#115;:T4930:4:V 3 3 242 277
Vertex2	#116;:T4930:4:V 3 4 247 278
Vertex3	#125;:G2#12f;CUT;:T4930:4:V 8 3 242 250 265 21 261 303 293
Vertex4	#111;:G#130;CUT;:T-4923:4:V 8 5 258 295 19 240 251 304 273
Vertex5	#125;:G#131;CUT;:T4930:4:V 8 3 242 250 269 20 260 305 293
Vertex6	#117;:T4930:4:V 3 5 243 279
Vertex6	#118;:T4930:4:V 3 7 248 280
Vertex7	#123;:G2#132;CUT;:T4930:4:V 8 5 243 245 266 22 262 306 291
Vertex8	#112;:G#133;CUT;:T-4923:4:V 8 6 259 284 20 244 252 307 274
Vertex9	#112;:G2#134;CUT;:T-4923:4:V 9 6 259 286 5 243 245 253 308 274
]]>
      </ElementMap>
    </Property>
    <Property name="Suppress" type="App::PropertyBool">
      <Bool value="false"/>
    </Property>
    <Property name="SuppressedShape" type="Part::PropertyPartShape">
      <Part ElementMap="0.15.70200.3" brep="1">
<![CDATA[

CASCADE Topology V1, (c) Matra-Datavision
Locations 0
Curve2ds 0
Curves 0
Polygon3D 0
PolygonOnTriangulations 0
Surfaces 0
Triangulations 0

TShapes 0

*]]>
      </Part>
      <ElementMap/>
    </Property>
    <Property name="TaperAngle" type="App::PropertyAngle">
      <Float value="0"/>
    </Property>
    <Property name="TaperAngleRev" type="App::PropertyAngle">
      <Float value="0"/>
    </Property>
    <Property name="Type" type="App::PropertyEnumeration">
      <Integer value="1"/>
    </Property>
    <Property name="UpToFace" type="App::PropertyLinkSub">
      <LinkSub value="" count="0">
      </LinkSub>
    </Property>
    <Property name="UsePipeForDraft" type="App::PropertyBool">
      <Bool value="false"/>
    </Property>
    <Property name="Visibility" type="App::PropertyBool" status="648">
      <Bool value="false"/>
    </Property>
    <Property name="_ProfileBasedVersion" type="App::PropertyInteger" status="67108864">
      <Integer value="1"/>
    </Property>
    <Property name="_Siblings" type="App::PropertyLinkList" status="218103808">
      <LinkList count="0">
      </LinkList>
    </Property>
  </Properties>
</Object>
</Document>
