<?xml version='1.0' encoding='utf-8'?>
<!-- FreeCAD DocumentObject -->
<Document SchemaVersion="4" FileVersion="2">
<Object name="PolarPattern">
  <Properties Count="24" TransientCount="2">
    <_Property name="_Body" type="App::PropertyLinkHidden" status="251658241"/>
    <_Property name="_ElementMapVersion" type="App::PropertyString" status="234881024"/>
    <Property name="AddSubShape" type="Part::PropertyPartShape">
      <Part HasherIndex="0" ElementMap="1.15.70200.3.0" brep="1">
<![CDATA[

CASCADE Topology V1, (c) Matra-Datavision
Locations 20
1
              1              -0               0               0 
              0               1              -0               0 
             -0               0               1               0 
1
              0           1e-15               1               0 
             -0               1          -1e-15               0 
             -1               0               0               0 
2  1 1 2 1 0
1
              1               0               0               0 
              0               1               0               0 
              0               0               1               0 
1
              1               0               0               0 
              0 0.994968518250912 -0.100188061612076               0 
              0 0.100188061612076 0.994968518250912           -3.13 
1
             -0               0               1               0 
              1              -0               0               0 
              0               1              -0               0 
1
              1               0               0 -2.02718931403235 
              0               1               0 20.1320348506846 
              0               0               1          -4e-15 
2  4 1 5 1 6 -1 7 1 0
1
              1               0               0 4.05437862806471 
              0               1               0 -40.2640697013691 
              0               0               1           9e-15 
2  4 1 5 1 6 -1 7 1 9 1 0
2  7 -1 6 1 5 -1 4 -1 0
2  9 -1 7 -1 6 1 5 -1 4 -1 0
2  5 -1 4 -1 0
2  6 -1 7 1 0
2  4 1 5 1 0
2  6 -1 7 1 9 1 0
1
             -1           1e-15          -1e-30               0 
          1e-15               1          -1e-15               0 
             -0          -1e-15              -1               0 
2  1 1 17 1 0
1
             -0               0              -1               0 
          1e-15               1               0               0 
              1          -1e-15              -0               0 
2  1 1 19 1 0
Curve2ds 25
1 0 0 2.9999999999999999e-16 -1 
1 15.240000000000004 -2.0000000000000001e-17 -2e-16 -1 
1 -2.1000000000000001e-16 -0 2.5999999999999998e-16 -1 
1 9.2167846084405838 -1.76e-15 2.9999999999999999e-16 -1 
1 0 0 1 -2.0000000000000001e-17 
1 1.1270000000000001e-14 -40.467682105309905 1 -2.0000000000000001e-17 
1 -2.0305531479650978 7.6200000000000001 0.69465837045899748 -0.71933980033865097 
1 1.0352348389222767 -4.1000000000000001e-16 2.5999999999999998e-16 -1 
1 0 0 1.2e-16 -1 
1 0 0 1 0 
1 1.026e-14 -40.467682105309905 1 0 
1 4.371963429005806 0.99000000000000021 0.29237170472273694 -0.95630475596303544 
1 1.0352348389222772 4.5000000000000002e-16 1.2e-16 -1 
1 0 0 -1.0000000000000001e-17 -1 
1 0 0 1 -1.0000000000000001e-17 
1 4.7900000000000001e-15 -40.467682105309912 1 -1.0000000000000001e-17 
1 4.6746368036498804 2e-16 -0.29237170472273694 -0.95630475596303544 
1 9.2167846084405873 1.8099999999999998e-15 -1.0000000000000001e-17 -1 
1 0 0 -2e-16 -1 
1 0 0 1 2.0000000000000001e-17 
1 -1.9000000000000001e-16 -40.467682105309912 1 2.0000000000000001e-17 
1 4.371963429005806 -0.98999999999999977 -0.69465837045899748 -0.71933980033865097 
1 0 0 1 0 
1 -7.9799999999999995e-15 -40.467682105309905 1 0 
1 -2.0305531479650978 -7.6200000000000001 0 1 
Curves 10
1 -10.008706796161306 16.198338300905149 -7.6200000000000054 0.10018806161207629 -0.9949685182509117 2.2e-16 
1 -3.6384043644956674 16.839794026191047 -0.9900000000000041 0.10018806161207629 -0.9949685182509117 2.2e-16 
1 -7.6200000000000001 -8.0218794220343064 0 0.71933980033865097 0.69465837045899748 0 
1 -3.3372538854120499 16.870118284898222 -3.7499999999999998e-15 0.10018806161207629 -0.9949685182509117 2.2e-16 
1 -0.98999999999999999 -1.6193628450634023 0 0.95630475596303544 0.29237170472273694 0 
1 -3.6384043644956678 16.839794026191047 0.98999999999999644 0.10018806161207629 -0.9949685182509117 2.2e-16 
1 0 -1.3166894704193284 0 0.95630475596303544 -0.29237170472273694 0 
1 -10.008706796161309 16.198338300905149 7.6199999999999983 0.10018806161207629 -0.9949685182509117 2.2e-16 
1 0.98999999999999999 -1.6193628450634023 0 0.71933980033865097 -0.69465837045899748 0 
1 7.6200000000000001 -8.0218794220343064 0 -1 0 0 
Polygon3D 0
PolygonOnTriangulations 0
Surfaces 6
1 -10.008706796161306 16.198338300905149 -7.6200000000000054 -0.71572045526185435 -0.072069260236347271 0.69465837045899759 0.6911632095461816 0.06959647561889043 0.71933980033865097 -0.10018806161207608 0.9949685182509117 -2.0816681711721682e-17 
1 -10.008706796161309 16.198338300905149 7.6199999999999983 0.9949685182509117 0.10018806161207629 2.2e-16 2.211013565069093e-16 1.1090076876509421e-19 -1 -0.10018806161207629 0.9949685182509117 -2.2041373554656783e-17 
1 -3.638404364495667 16.839794026191047 -0.99000000000000399 -0.95149312603684111 -0.095810319810346101 0.29237170472273677 0.29090064182647446 0.029292154366389281 0.95630475596303544 -0.1001880616120762 0.9949685182509117 2.0816681711721685e-17 
1 2e-16 -5.9611810252683961 -3.7302593658844967 0 -0.10018806161207622 0.9949685182509117 0 0.9949685182509117 0.10018806161207622 -1 0 0 
1 -3.3372538854120499 16.870118284898222 -3.7499999999999998e-15 -0.95149312603684111 -0.095810319810346239 -0.29237170472273721 -0.2909006418264749 -0.02929215436638927 0.95630475596303532 -0.10018806161207633 0.99496851825091182 -1.1449174941446927e-16 
1 -3.6384043644956678 16.839794026191047 0.98999999999999644 -0.71572045526185413 -0.072069260236347563 -0.69465837045899759 -0.69116320954618182 -0.069596475618890402 0.71933980033865097 -0.1001880616120763 0.99496851825091182 -2.2898349882893854e-16 
Triangulations 0

TShapes 32
Co

0100000
*
Ve
1e-07
-7.62 -8.02187942203431 0
0 0

0101101
*
Ed
 1e-07 1 1 0
1  1 0 0 40.4676821053099
2  1 1 0 0 40.4676821053099
2  2 2 0 0 40.4676821053099
0

0101000
+31 8 -31 10 *
Ve
1e-07
-0.99 -1.6193628450634 0
0 0

0101101
*
Ed
 1e-07 1 1 0
1  2 0 0 40.4676821053099
2  3 3 0 0 40.4676821053099
2  4 1 0 0 40.4676821053099
0

0101000
+29 8 -29 10 *
Ed
 1e-07 1 1 0
1  3 0 0 9.21678460844058
2  5 1 11 0 9.21678460844058
2  6 1 12 0 9.21678460844058
2  7 4 13 0 9.21678460844058
0

0101000
+31 0 -29 0 *
Wi

0101100
+30 0 -28 0 -27 8 +27 10 *
Fa
0  1e-07 1 0

0111000
+26 0 *
Ve
1e-07
0 -1.31668947041933 0
0 0

0101101
*
Ed
 1e-07 1 1 0
1  4 0 0 40.4676821053099
2  8 3 0 0 40.4676821053099
2  9 5 0 0 40.4676821053099
0

0101000
+24 8 -24 10 *
Ed
 1e-07 1 1 0
1  5 0 0 1.03523483892228
2  10 3 11 0 1.03523483892228
2  11 3 12 0 1.03523483892228
2  12 4 13 0 1.03523483892228
0

0101000
+29 0 -24 0 *
Wi

0101100
+28 0 -23 0 -22 8 +22 10 *
Fa
0  1e-07 3 0

0111000
+21 0 *
Ve
1e-07
0.99 -1.6193628450634 0
0 0

0101101
*
Ed
 1e-07 1 1 0
1  6 0 0 40.4676821053099
2  13 5 0 0 40.4676821053099
2  14 6 0 0 40.4676821053099
0

0101000
+19 8 -19 10 *
Ed
 1e-07 1 1 0
1  7 0 0 1.03523483892228
2  15 5 11 0 1.03523483892228
2  16 5 12 0 1.03523483892228
2  17 4 13 0 1.03523483892228
0

0101000
+24 0 -19 0 *
Wi

0101100
+23 0 -18 0 -17 8 +17 10 *
Fa
0  1e-07 5 0

0111000
+16 0 *
Ve
1e-07
7.62 -8.02187942203431 0
0 0

0101101
*
Ed
 1e-07 1 1 0
1  8 0 0 40.4676821053099
2  18 6 0 0 40.4676821053099
2  19 2 0 0 40.4676821053099
0

0101000
+14 8 -14 10 *
Ed
 1e-07 1 1 0
1  9 0 0 9.21678460844058
2  20 6 11 0 9.21678460844058
2  21 6 12 0 9.21678460844058
2  22 4 13 0 9.21678460844058
0

0101000
+19 0 -14 0 *
Wi

0101100
+18 0 -13 0 -12 8 +12 10 *
Fa
0  1e-07 6 0

0111000
+11 0 *
Ed
 1e-07 1 1 0
1  10 0 0 15.24
2  23 2 11 0 15.24
2  24 2 12 0 15.24
2  25 4 13 0 15.24
0

0101000
+14 0 -31 0 *
Wi

0101100
+13 0 -30 0 -9 8 +9 10 *
Fa
0  1e-07 2 0

0111000
+8 0 *
Wi

0101100
+27 0 +22 0 +17 0 +12 0 +9 0 *
Fa
0  1e-07 4 0

0111000
-6 15 *
Sh

0101100
-25 0 -20 0 -15 0 -10 0 -7 0 +5 14 -5 16 *
So

0100000
+4 0 *
Co

0100000
+3 3 +3 18 +3 20 *
Co

1100000
+32 0 +2 0 *

+1 0 ]]>
      </Part>
      <ElementMap count="111">
<![CDATA[
Edge1	#1cc;:T-4923:4:E 4 1 255 271 460
Edge10	#1d2;:T-4923:4:E 5 21 261 265 321 466
Edge11	#1d3;:T-4923:4:E 4 9 256 270 467
Edge12	#1d4;:T-4923:4:E 3 22 262 468
Edge13	#1d5;:T-4923:4:E 5 22 262 266 322 469
Edge14	#1d6;:T-4923:4:E 3 237 263 470
Edge15	#1d7;:T-4923:4:E 5 237 263 267 323 471
Edge16	#1ea;:T-4923:4:E 4 1 255 271 490
Edge17	#16b;:T-4923:4:E 4 3 257 272 363
Edge18	#1eb;:T-4923:4:E 3 19 254 491
Edge19	#1ec;:T-4923:4:E 5 19 254 268 319 492
Edge2	#17d;:T-4923:4:E 4 3 257 272 381
Edge20	#16f;:T-4923:4:E 4 5 258 273 367
Edge21	#1ed;:T-4923:4:E 3 20 260 493
Edge22	#1ee;:T-4923:4:E 5 20 260 269 320 494
Edge23	#197;:T-4923:4:E 4 6 259 274 407
Edge24	#1ef;:T-4923:4:E 3 21 261 495
Edge25	#1f0;:T-4923:4:E 5 21 261 265 321 496
Edge26	#1f1;:T-4923:4:E 4 9 256 270 497
Edge27	#1f2;:T-4923:4:E 3 22 262 498
Edge28	#1f3;:T-4923:4:E 5 22 262 266 322 499
Edge29	#1f4;:T-4923:4:E 3 237 263 500
Edge3	#1cd;:T-4923:4:E 3 19 254 461
Edge30	#1f5;:T-4923:4:E 5 237 263 267 323 501
Edge31	#208;:T-4923:4:E 4 1 255 271 520
Edge32	#18d;:T-4923:4:E 4 3 257 272 397
Edge33	#209;:T-4923:4:E 3 19 254 521
Edge34	#20a;:T-4923:4:E 5 19 254 268 319 522
Edge35	#18a;:T-4923:4:E 4 5 258 273 394
Edge36	#20b;:T-4923:4:E 3 20 260 523
Edge37	#20c;:T-4923:4:E 5 20 260 269 320 524
Edge38	#18c;:T-4923:4:E 4 6 259 274 396
Edge39	#20d;:T-4923:4:E 3 21 261 525
Edge4	#1ce;:T-4923:4:E 5 19 254 268 319 462
Edge40	#20e;:T-4923:4:E 5 21 261 265 321 526
Edge41	#20f;:T-4923:4:E 4 9 256 270 527
Edge42	#210;:T-4923:4:E 3 22 262 528
Edge43	#211;:T-4923:4:E 5 22 262 266 322 529
Edge44	#212;:T-4923:4:E 3 237 263 530
Edge45	#213;:T-4923:4:E 5 237 263 267 323 531
Edge5	#17a;:T-4923:4:E 4 5 258 273 378
Edge6	#1cf;:T-4923:4:E 3 20 260 463
Edge7	#1d0;:T-4923:4:E 5 20 260 269 320 464
Edge8	#17c;:T-4923:4:E 4 6 259 274 380
Edge9	#1d1;:T-4923:4:E 3 21 261 465
Face1	#182;:T-4923:4:F 4 19 254 268 386
Face10	#16a;:T-4923:4:F 4 21 261 265 362
Face11	#194;:T-4923:4:F 4 22 262 266 404
Face12	#1f6;:T-4923:4:F 4 237 263 267 502
Face13	#1f7;:T-4923:4:F 3 254 264 503
Face14	#1f8;:T-4923:4:F 4 254 264 324 504
Face15	#191;:T-4923:4:F 4 19 254 268 401
Face16	#168;:T-4923:4:F 4 20 260 269 360
Face17	#166;:T-4923:4:F 4 21 261 265 358
Face18	#188;:T-4923:4:F 4 22 262 266 392
Face19	#214;:T-4923:4:F 4 237 263 267 532
Face2	#17f;:T-4923:4:F 4 20 260 269 383
Face20	#215;:T-4923:4:F 3 254 264 533
Face21	#216;:T-4923:4:F 4 254 264 324 534
Face3	#179;:T-4923:4:F 4 21 261 265 377
Face4	#177;:T-4923:4:F 4 22 262 266 375
Face5	#1d8;:T-4923:4:F 4 237 263 267 472
Face6	#1d9;:T-4923:4:F 3 254 264 473
Face7	#1da;:T-4923:4:F 4 254 264 324 474
Face8	#173;:T-4923:4:F 4 19 254 268 371
Face9	#16e;:T-4923:4:F 4 20 260 269 366
Vertex1	#1bd;:T-4923:4:V 3 1 255 445
Vertex1	#1be;:T-4923:4:V 3 11 309 446
Vertex10	#1cb;:T-4923:4:V 5 9 256 270 318 459
Vertex11	#1db;:T-4923:4:V 3 1 255 475
Vertex11	#1dc;:T-4923:4:V 3 11 309 476
Vertex12	#1dd;:T-4923:4:V 5 1 255 271 310 477
Vertex13	#1de;:T-4923:4:V 3 3 257 478
Vertex13	#1df;:T-4923:4:V 3 4 311 479
Vertex14	#1e0;:T-4923:4:V 5 3 257 272 312 480
Vertex15	#1e1;:T-4923:4:V 3 5 258 481
Vertex15	#1e2;:T-4923:4:V 3 7 313 482
Vertex16	#1e3;:T-4923:4:V 5 5 258 273 314 483
Vertex17	#1e4;:T-4923:4:V 3 6 259 484
Vertex17	#1e5;:T-4923:4:V 3 8 315 485
Vertex18	#1e6;:T-4923:4:V 5 6 259 274 316 486
Vertex19	#1e7;:T-4923:4:V 3 9 256 487
Vertex19	#1e8;:T-4923:4:V 3 10 317 488
Vertex2	#1bf;:T-4923:4:V 5 1 255 271 310 447
Vertex20	#1e9;:T-4923:4:V 5 9 256 270 318 489
Vertex21	#1f9;:T-4923:4:V 3 1 255 505
Vertex21	#1fa;:T-4923:4:V 3 11 309 506
Vertex22	#1fb;:T-4923:4:V 5 1 255 271 310 507
Vertex23	#1fc;:T-4923:4:V 3 3 257 508
Vertex23	#1fd;:T-4923:4:V 3 4 311 509
Vertex24	#1fe;:T-4923:4:V 5 3 257 272 312 510
Vertex25	#1ff;:T-4923:4:V 3 5 258 511
Vertex25	#200;:T-4923:4:V 3 7 313 512
Vertex26	#201;:T-4923:4:V 5 5 258 273 314 513
Vertex27	#202;:T-4923:4:V 3 6 259 514
Vertex27	#203;:T-4923:4:V 3 8 315 515
Vertex28	#204;:T-4923:4:V 5 6 259 274 316 516
Vertex29	#205;:T-4923:4:V 3 9 256 517
Vertex29	#206;:T-4923:4:V 3 10 317 518
Vertex3	#1c0;:T-4923:4:V 3 3 257 448
Vertex3	#1c1;:T-4923:4:V 3 4 311 449
Vertex30	#207;:T-4923:4:V 5 9 256 270 318 519
Vertex4	#1c2;:T-4923:4:V 5 3 257 272 312 450
Vertex5	#1c3;:T-4923:4:V 3 5 258 451
Vertex5	#1c4;:T-4923:4:V 3 7 313 452
Vertex6	#1c5;:T-4923:4:V 5 5 258 273 314 453
Vertex7	#1c6;:T-4923:4:V 3 6 259 454
Vertex7	#1c7;:T-4923:4:V 3 8 315 455
Vertex8	#1c8;:T-4923:4:V 5 6 259 274 316 456
Vertex9	#1c9;:T-4923:4:V 3 9 256 457
Vertex9	#1ca;:T-4923:4:V 3 10 317 458
]]>
      </ElementMap>
    </Property>
    <Property name="Angle" type="App::PropertyAngle">
      <Float value="360"/>
    </Property>
    <Property name="Axis" type="App::PropertyLinkSub">
      <LinkSub value="Z_Axis001" count="1">
        <Sub value=""/>
      </LinkSub>
    </Property>
    <Property name="BaseFeature" type="App::PropertyLink" status="8">
      <Link value="Pocket001"/>
    </Property>
    <Property name="ColoredElements" type="App::PropertyLinkSubHidden" status="218103808">
      <LinkSub value="" count="0">
      </LinkSub>
    </Property>
    <Property name="CopyShape" type="App::PropertyBool">
      <Bool value="false"/>
    </Property>
    <Property name="ExpressionEngine" type="App::PropertyExpressionEngine" status="67108864">
      <ExpressionEngine count="0"></ExpressionEngine>
    </Property>
    <Property name="Label" type="App::PropertyString" status="134217728">
      <String value="PolarPattern"/>
    </Property>
    <Property name="Label2" type="App::PropertyString" status="128">
      <String value=""/>
    </Property>
    <Property name="NewSolid" type="App::PropertyBool">
      <Bool value="false"/>
    </Property>
    <Property name="Occurrences" type="App::PropertyInteger">
      <Integer value="4"/>
    </Property>
    <Property name="OriginalSubs" type="App::PropertyLinkSubList">
      <LinkSubList count="1">
        <Link obj="Pocket001" sub=""/>
      </LinkSubList>
    </Property>
    <Property name="Originals" type="App::PropertyLinkList" status="8">
      <LinkList count="1">
        <Link value="Pocket001"/>
      </LinkList>
    </Property>
    <Property name="ParallelTransform" type="App::PropertyBool">
      <Bool value="true"/>
    </Property>
    <Property name="Placement" type="App::PropertyPlacement" status="8388620">
      <PropertyPlacement Px="0" Py="0" Pz="0" Q0="0.5" Q1="0.5" Q2="0.5" Q3="0.5000000000000001" A="2.094395102393195" Ox="0.5773502691896258" Oy="0.5773502691896258" Oz="0.5773502691896258"/>
    </Property>
    <Property name="Refine" type="App::PropertyBool">
      <Bool value="false"/>
    </Property>
    <Property name="Reversed" type="App::PropertyBool">
      <Bool value="false"/>
    </Property>
    <Property name="Shape" type="Part::PropertyPartShape">
      <Part HasherIndex="0" ElementMap="1.15.70200.3.0" brep="1">
<![CDATA[

CASCADE Topology V1, (c) Matra-Datavision
Locations 25
1
              0              -0               1               0 
              1               0               0               0 
             -0               1               0               0 
1
              0              -0               1               0 
              1               0               0               0 
             -0               1               0               0 
1
             -0               0               1               0 
              1              -0               0               0 
              0               1              -0               0 
1
              1               0               0               0 
              0               1               0               0 
              0               0               1               0 
2  2 1 3 -1 4 1 0
1
              1               0               0               0 
              0               1               0               0 
              0               0               1               0 
1
              0              -0               1               0 
              1               0              -0               0 
             -0               1               0               0 
1
             -0               0               1               0 
              1              -0               0               0 
              0               1              -0               0 
2  6 1 7 1 8 -1 0
2  6 1 7 1 8 -1 2 1 3 -1 4 1 0
2  8 1 7 -1 6 -1 0
2  4 -1 3 1 2 -1 8 1 7 -1 6 -1 0
1
              1              -0               0               0 
              0               1              -0               0 
             -0               0               1               0 
1
             -1           1e-15          -1e-30               0 
          1e-15               1          -1e-15               0 
             -0          -1e-15              -1               0 
2  13 1 14 1 0
2  4 -1 3 1 2 -1 0
1
              0           1e-15               1               0 
             -0               1          -1e-15               0 
             -1               0               0               0 
2  13 1 17 1 0
2  3 1 2 -1 0
2  2 1 3 -1 0
1
             -0               0              -1               0 
          1e-15               1               0               0 
              1          -1e-15              -0               0 
2  13 1 21 1 0
2  14 -1 13 -1 0
2  17 -1 13 -1 0
2  21 -1 13 -1 0
Curve2ds 93
1 0 0 1 0 
1 6.2831853071795862 0 0 1 
1 0 0 0 1 
8 0.31880570601343761 1.0274099781143737
7 0 0  7 8 2  -8.9000000000000007e-16 1.4618688526993466  0.091703421911317307 1.5053921233684113  0.18022153328772816 1.5655810365766456  0.2643567213042175 1.643164087470268  0.34324446569619482 1.7392880241309285  0.41652351064110604 1.8555489374329568  0.48415117822713061 1.9940561280237996  0.54628583468331726 2.1575459465625579 
 0.31880570601343761 8 1.0274099781143737 8
8 0.31880570601343761 1.0274099781143737
5 1.3948468794944824 -21.094930085654958 0.029427532507001579 0.99956691638456574 -0.99956691638456574 0.029427532507001579 0.62541683026045081 1.1692924760199936
1 0 2.1575459465625624 1 0 
1 0 0 1 0 
8 -1.0274099781143713 -0.23316463508680466
7 0 0  7 8 2  1.024510492111578 2.1575459465625646  1.094154669368125 1.974296942683663  1.1706999484904372 1.8224342210664872  1.2543686446579159 1.6981045896770866  1.3450685940687208 1.5984444204880219  1.4421763836505193 1.5213786970916772  1.544210483648081 1.465517988701788  1.6492791066876085 1.4301178410325104 
 -1.0274099781143713 8 -0.23316463508680466 8
8 -1.0274099781143713 -0.23316463508680466
5 -0.35961204057218726 -21.094930085654958 -0.02942753250700305 0.99956691638456574 -0.99956691638456574 -0.02942753250700305 0.62541683026045214 1.1692924760199963
8 0.23316463508680557 1.0274099781143753
7 0 0  7 8 2  1.4923135469021853 1.4301178410325082  1.597382169941713 1.465517988701786  1.6994162699393769 1.5213786970920182  1.7965240595210616 1.5984444204862029  1.8872240089322077 1.6981045896777687  1.9708927050992315 1.8224342210662599  2.0474379842216699 1.974296942683663  2.1170821614782169 2.1575459465625655 
 0.23316463508680557 8 1.0274099781143753 8
8 0.23316463508680557 1.0274099781143753
5 1.3948468794944828 -21.094930085654951 0.02942753250700152 0.99956691638456574 -0.99956691638456574 0.02942753250700152 0.62541683026045003 1.1692924760199921
8 -1.0274099781143757 -0.23316463508680671
7 0 0  7 8 2  2.5953068189064719 2.1575459465625637  2.6649509961630189 1.9742969426836612  2.741496275285499 1.8224342210659188  2.8251649714527503 1.6981045896784508  2.9158649208634415 1.5984444204862029  3.0129727104455242 1.5213786970920751  3.1150068104429751 1.4655179887017835  3.2200754334825028 1.4301178410325055 
 -1.0274099781143757 8 -0.23316463508680671 8
8 -1.0274099781143757 -0.23316463508680671
5 -0.35961204057218943 -21.094930085654955 -0.02942753250700296 0.99956691638456574 -0.99956691638456574 -0.02942753250700296 0.62541683026044959 1.1692924760199916
8 0.23316463508680932 1.0274099781143766
7 0 0  7 8 2  3.0631098736970856 1.4301178410325048  3.1681784967366129 1.4655179887017831  3.2702125967346092 1.5213786970916203  3.3673203863145318 1.5984444204880219  3.4580203357295431 1.6981045896764044  3.5416890318933838 1.8224342210666578  3.6182343110165678 1.974296942683661  3.6878784882731144 2.1575459465625628 
 0.23316463508680932 8 1.0274099781143766 8
8 0.23316463508680932 1.0274099781143766
5 1.3948468794944779 -21.094930085654951 0.029427532507001489 0.99956691638456574 -0.99956691638456574 0.029427532507001489 0.62541683026044881 1.1692924760199901
8 -1.0274099781143691 -0.23316463508681104
7 0 0  7 8 2  4.1661031457013724 2.1575459465625642  4.235747322957919 1.974296942683665  4.3122926020809018 1.8224342210660325  4.3959612982462204 1.698104589677996  4.4866612476585033 1.5984444204866577  4.5837690372397901 1.5213786970922456  4.6858031372378699 1.4655179887017922  4.7908717602773958 1.4301178410325139 
 -1.0274099781143691 8 -0.23316463508681104 8
8 -1.0274099781143691 -0.23316463508681104
5 -0.35961204057218737 -21.094930085654958 -0.029427532507003029 0.99956691638456574 -0.99956691638456574 -0.029427532507003029 0.62541683026045303 1.1692924760199979
8 0.23316463508680865 1.027409978114374
7 0 0  7 8 2  4.6339062004919818 1.4301178410325097  4.7389748235315086 1.465517988701788  4.8410089235289888 1.5213786970920751  4.9381167131118673 1.5984444204868851  5.0288166625241502 1.6981045896777687  5.1124853586893551 1.822434221066203  5.189030637811463 1.974296942683665  5.2586748150680096 2.1575459465625664 
 0.23316463508680865 8 1.027409978114374 8
8 0.23316463508680865 1.027409978114374
5 1.3948468794944837 -21.094930085654955 0.029427532507001249 0.99956691638456574 -0.99956691638456574 0.029427532507001249 0.62541683026045081 1.1692924760199939
8 -1.0274099781143708 -0.31880570601343744
7 0 0  7 8 2  5.7368994724962681 2.1575459465625659  5.7990341289524547 1.9940561280238085  5.8666617965370733 1.855548937432502  5.939940841488351 1.7392880241316107  6.0188285858712334 1.6431640874693585  6.1029637738924976 1.5655810365769867  6.1914818852682689 1.5053921233684162  6.2831853071795862 1.4618688526993515 
 -1.0274099781143708 8 -0.31880570601343744 8
8 -1.0274099781143708 -0.31880570601343744
5 -0.35961204057218837 -21.094930085654951 -0.029427532507002811 0.99956691638456574 -0.99956691638456574 -0.029427532507002811 0.62541683026045225 1.1692924760199965
1 -2.1000000000000001e-16 -0 2.5999999999999998e-16 -1 
1 9.2167846084405838 -1.76e-15 2.9999999999999999e-16 -1 
8 -0.49665932729960294 0.53902404912379154
1 1.8850972437465776 0.47475198040216554 0.29372294496468349 0.95589059604186588 
8 -0.49665932729960294 0.53902404912379154
1 0.53879060663979061 -15.935756833477452 -0.99956691638456585 0.029427532507001829 
1 1.0352348389222767 -4.1000000000000001e-16 2.5999999999999998e-16 -1 
1 0 0 1.2e-16 -1 
8 1.2259427583716545 1.2889449894288936
7 0 0  5 6 2  0.54628583468331904 -9.9999999999999998e-17  0.55233599992628502 0.040987987271267033  0.55831356020536838 0.08274324913607245  0.56421902681905145 0.12527934338077418  0.57005295663185807 0.1686103351593457  0.57581594374783063 0.21275082492302114 
 1.2259427583716545 6 1.2889449894288936 6
8 1.2259427583716545 1.2889449894288936
5 1.3215639820685374 -23.584135043167098 0.029427532507001579 0.99956691638456574 -0.99956691638456574 0.029427532507001579 1.8784094974523693 0.91469497146687806
8 2.8943412844117371 3.6374167457925517
7 0 0  6 7 2  0.54636836283474544 -1.7899999999999999e-15  0.55967562047551866 0.5172495354255362  0.57104822087615759 1.1118432131226399  0.58082777949559272 1.7980551663403617  0.58928117222963294 2.5937460568860189  0.59662064192661413 3.5215705342829891  0.60301788901483699 4.6116159012030362 
 2.8943412844117371 7 3.6374167457925517 7
8 2.8943412844117371 3.6374167457925517
5 10.793345784622169 -23.957859150138219 0.069777924046068238 0.99756255007684669 -0.99756255007684669 0.069777924046068238 0.41601196664501633 0.20469247437049737
1 0 4.6116159012030389 1 0 
2 0 0 1 -0 0 1 3.9626929296419116
8 -3.6374167457924966 -2.8943412844116816
7 0 0  6 7 2  0.96777843778006079 4.6116159012030371  0.97417568486828399 3.5215705342829891  0.98151515456525829 2.5937460568860473  0.98996854729931272 1.7980551663403048  0.99974810591872654 1.1118432131226683  1.0111207063193812 0.5172495354255362  1.0244279639601552 -1.3899999999999999e-15 
 -3.6374167457924966 7 -2.8943412844116816 7
8 -3.6374167457924966 -2.8943412844116816
5 -1.576561176181567 -23.957859150138212 -0.069777924046069403 0.99756255007684658 -0.99756255007684658 -0.069777924046069403 0.41601196664503903 0.20469247437050858
8 -1.2889449894288894 -1.2259427583716509
7 0 0  5 6 2  0.99498038304706704 0.21275082492302064  1.0007433701630397 0.16861033515934576  1.0065772999758469 0.12527934338077817  1.0124827665895335 0.082743249136072672  1.0184603268686128 0.040987987271268837  1.0245104921115786 2.1900000000000001e-15 
 -1.2889449894288894 6 -1.2259427583716509 6
8 -1.2889449894288894 -1.2259427583716509
5 -0.28632914314623881 -23.584135043167098 -0.02942753250700305 0.99956691638456574 -0.99956691638456574 -0.02942753250700305 1.8784094974523744 0.91469497146688072
8 -1.0564172969614856 -0.020733920538096851
1 -0.01981935966144999 1.7331269752868483 -0.95589059604186599 -0.29372294496468287 
8 -1.0564172969614856 -0.020733920538096851
1 -0.020724941016828091 -15.950982440097102 -0.99956691638456574 -0.029427532507002911 
1 1.0352348389222772 4.5000000000000002e-16 1.2e-16 -1 
1 0 0 -1.0000000000000001e-17 -1 
8 -0.4966593272996026 0.53902404912379187
1 -0.4747519804021651 1.8850972437465781 -0.95589059604186577 0.29372294496468365 
8 -0.4966593272996026 0.53902404912379187
1 0.53879060663979095 -15.935756833477456 -0.99956691638456585 0.029427532507001749 
8 1.2259427583716573 1.2889449894288958
7 0 0  5 6 2  2.1170821614782169 -3.9999999999999999e-16  2.123132326721183 0.040987987271266353  2.1291098870002685 0.082743249136072006  2.135015353613948 0.12527934338077196  2.1408492834267556 0.16861033515934409  2.146612270542728 0.21275082492301906 
 1.2259427583716573 6 1.2889449894288958 6
8 1.2259427583716573 1.2889449894288958
5 1.3215639820685383 -23.584135043167102 0.02942753250700152 0.99956691638456574 -0.99956691638456574 0.02942753250700152 1.8784094974523642 0.91469497146687562
8 2.8943412844117531 3.6374167457925672
7 0 0  6 7 2  2.1171646896296434 -5.9999999999999999e-16  2.1304719472704163 0.51724953542553731  2.1418445476710701 1.1118432131226115  2.1516241062903987 1.7980551663404185  2.1600774990245668 2.5937460568859763  2.1674169687215112 3.5215705342829913  2.1738142158097342 4.611615901203038 
 2.8943412844117531 7 3.6374167457925672 7
8 2.8943412844117531 3.6374167457925672
5 10.793345784622165 -23.957859150138223 0.069777924046068293 0.99756255007684658 -0.99756255007684658 0.069777924046068293 0.41601196664500995 0.2046924743704942
8 -3.6374167457925184 -2.8943412844117038
7 0 0  6 7 2  2.5385747645749563 4.6116159012030371  2.5449720116631793 3.5215705342829904  2.5523114813601069 2.5937460568860331  2.5607648740942182 1.7980551663403332  2.5705444327136036 1.1118432131226683  2.5819170331142756 0.51724953542553664  2.5952242907550493 -8.9000000000000007e-16 
 -3.6374167457925184 7 -2.8943412844117038 7
8 -3.6374167457925184 -2.8943412844117038
5 -1.5765611761815674 -23.957859150138212 -0.069777924046069292 0.99756255007684658 -0.99756255007684658 -0.069777924046069292 0.41601196664502998 0.20469247437050417
8 -1.2889449894288927 -1.2259427583716573
7 0 0  5 6 2  2.5657767098419622 0.21275082492300931  2.5715396969579345 0.16861033515933666  2.5773736267707434 0.12527934338077018  2.5832790933844301 0.082743249136069341  2.5892566536635062 0.040987987271265743  2.5953068189064719 9.8999999999999992e-16 
 -1.2889449894288927 6 -1.2259427583716573 6
8 -1.2889449894288927 -1.2259427583716573
5 -0.28632914314624114 -23.584135043167098 -0.02942753250700296 0.99956691638456574 -0.99956691638456574 -0.02942753250700296 1.8784094974523653 0.91469497146687639
8 -1.0564172969614871 -0.020733920538098478
1 -1.7331269752868432 -0.019819359661448158 0.29372294496468326 -0.95589059604186599 
8 -1.0564172969614871 -0.020733920538098478
1 -0.020724941016829718 -15.950982440097102 -0.99956691638456574 -0.029427532507002949 
8 -0.4966593272996046 0.53902404912378976
1 -1.8850972437465741 -0.47475198040216365 -0.29372294496468321 -0.95589059604186588 
8 -0.4966593272996046 0.53902404912378976
1 0.53879060663978884 -15.935756833477452 -0.99956691638456574 0.029427532507001478 
8 1.2259427583716596 1.2889449894288973
7 0 0  5 6 2  3.6878784882731144 -2.9999999999999999e-16  3.69392865351608 0.040987987271266048  3.6999062137951739 0.082743249136069119  3.7058116804088499 0.12527934338077262  3.7116456102216535 0.16861033515934234  3.7174085973376259 0.21275082492301686 
 1.2259427583716596 6 1.2889449894288973 6
8 1.2259427583716596 1.2889449894288973
5 1.3215639820685332 -23.584135043167098 0.029427532507001489 0.99956691638456574 -0.99956691638456574 0.029427532507001489 1.8784094974523613 0.91469497146687417
8 2.8943412844117429 3.637416745792557
7 0 0  6 7 2  3.6879610164245391 5.9999999999999999e-16  3.7012682740653124 0.5172495354255382  3.7126408744659045 1.1118432131226541  3.7224204330852899 1.7980551663403332  3.7308738258193728 2.5937460568860189  3.7382132955164074 3.5215705342829926  3.7446105426046303 4.6116159012030389 
 2.8943412844117429 7 3.637416745792557 7
8 2.8943412844117429 3.637416745792557
5 10.793345784622161 -23.957859150138209 0.069777924046068182 0.99756255007684658 -0.99756255007684658 0.069777924046068182 0.41601196664501405 0.2046924743704962
8 -3.6374167457924842 -2.8943412844116687
7 0 0  6 7 2  4.1093710913698533 4.6116159012030398  4.1157683384580768 3.5215705342829917  4.1231078081550834 2.5937460568860047  4.1315612008889389 1.7980551663403332  4.14134075950858 1.1118432131226257  4.1527133599091748 0.51724953542553642  4.1660206175499486 -1.2900000000000001e-15 
 -3.6374167457924842 7 -2.8943412844116687 7
8 -3.6374167457924842 -2.8943412844116687
5 -1.576561176181569 -23.957859150138216 -0.069777924046069223 0.99756255007684669 -0.99756255007684669 -0.069777924046069223 0.41601196664504431 0.20469247437051119
8 -1.2889449894288862 -1.2259427583716471
7 0 0  5 6 2  4.1365730366368609 0.21275082492301975  4.1423360237528337 0.16861033515934443  4.1481699535656489 0.12527934338077373  4.154075420179332 0.082743249136070229  4.1600529804584063 0.04098798727126593  4.1661031457013724 -1.09e-15 
 -1.2889449894288862 6 -1.2259427583716471 6
8 -1.2889449894288862 -1.2259427583716471
5 -0.28632914314623886 -23.584135043167098 -0.029427532507003029 0.99956691638456574 -0.99956691638456574 -0.029427532507003029 1.87840949745238 0.91469497146688372
8 -1.0564172969614856 -0.02073392053809707
1 0.01981935966145024 -1.7331269752868477 0.95589059604186599 0.29372294496468299 
8 -1.0564172969614856 -0.02073392053809707
1 -0.02072494101682831 -15.950982440097105 -0.99956691638456574 -0.02942753250700289 
8 -0.49665932729960077 0.53902404912379365
1 0.47475198040216365 -1.8850972437465767 0.95589059604186588 -0.29372294496468349 
8 -0.49665932729960077 0.53902404912379365
1 0.53879060663979272 -15.935756833477456 -0.99956691638456585 0.02942753250700151 
8 1.225942758371654 1.2889449894288938
7 0 0  5 6 2  5.2586748150680087 -2e-16  5.2647249803109748 0.040987987271267359  5.2707025405900509 0.082743249136071562  5.2766080072037553 0.12527934338077462  5.2824419370165474 0.1686103351593472  5.2882049241325202 0.21275082492302311 
 1.225942758371654 6 1.2889449894288938 6
8 1.225942758371654 1.2889449894288938
5 1.3215639820685392 -23.584135043167098 0.029427532507001249 0.99956691638456574 -0.99956691638456574 0.029427532507001249 1.8784094974523695 0.91469497146687828
8 2.8943412844117353 3.6374167457925499
7 0 0  6 7 2  5.2587573432194352 2e-16  5.2720646008602081 0.5172495354255382  5.2834372012609379 1.1118432131226541  5.2932167598798969 1.7980551663403332  5.3016701526144061 2.5937460568860189  5.3090096223113035 3.5215705342829935  5.315406869399526 4.6116159012030407 
 2.8943412844117353 7 3.6374167457925499 7
8 2.8943412844117353 3.6374167457925499
5 10.79334578462217 -23.957859150138219 0.069777924046067891 0.99756255007684669 -0.99756255007684669 0.069777924046067891 0.41601196664501716 0.20469247437049776
8 -3.6374167457924944 -2.8943412844116794
7 0 0  6 7 2  5.6801674181647499 4.6116159012030407  5.6865646652529733 3.5215705342829926  5.6939041349499462 2.5937460568859905  5.7023575276837164 1.7980551663403901  5.7121370863034144 1.1118432131225973  5.7235096867040713 0.51724953542553898  5.7368169443448451 1.2900000000000001e-15 
 -3.6374167457924944 7 -2.8943412844116794 7
8 -3.6374167457924944 -2.8943412844116794
5 -1.5765611761815692 -23.957859150138216 -0.06977792404606914 0.99756255007684669 -0.99756255007684669 -0.06977792404606914 0.41601196664504014 0.20469247437050911
8 -1.2889449894288887 -1.2259427583716505
7 0 0  5 6 2  5.7073693634317566 0.21275082492302014  5.7131323505477294 0.16861033515934543  5.7189662803605472 0.12527934338077484  5.7248717469742232 0.082743249136072894  5.730849307253302 0.0409879872712689  5.7368994724962681 2.38e-15 
 -1.2889449894288887 6 -1.2259427583716505 6
8 -1.2889449894288887 -1.2259427583716505
5 -0.28632914314624042 -23.584135043167098 -0.029427532507002811 0.99956691638456574 -0.99956691638456574 -0.029427532507002811 1.8784094974523757 0.9146949714668815
8 -1.0564172969614873 -0.020733920538098739
1 1.7331269752868474 0.019819359661451489 -0.2937229449646831 0.95589059604186599 
8 -1.0564172969614873 -0.020733920538098739
1 -0.020724941016829979 -15.9509824400971 -0.99956691638456574 -0.029427532507002668 
8 -4.085792749281878 -1.3300768192856216
1 4.8890507988150356 3.9219094964056018 0.69646944878767747 0.71758644559759399 
8 -4.085792749281878 -1.3300768192856216
1 5.1409507743814764 -15.634796549622443 -0.99756255007684658 0.069777924046068487 
8 -4.0857927492818815 -1.3300768192856167
1 -4.889050798815032 -3.9219094964056009 -0.69646944878767736 -0.71758644559759421 
8 -4.0857927492818815 -1.3300768192856167
1 5.1409507743814729 -15.634796549622443 -0.99756255007684669 0.069777924046068182 
8 -3.2670827594668848 -0.51136682947063117
1 -1.6872696010122878 0.62305009444366011 0.69646944878767714 -0.71758644559759444 
8 -3.2670827594668848 -0.51136682947063117
1 -0.51012039843143531 -15.955576801536289 -0.99756255007684658 -0.069777924046069278 
8 -4.0857927492818789 -1.3300768192856229
1 -3.921909496405604 4.8890507988150365 -0.71758644559759399 0.69646944878767747 
8 -4.0857927492818789 -1.3300768192856229
1 5.1409507743814755 -15.634796549622449 -0.99756255007684658 0.069777924046068557 
8 -3.2670827594668772 -0.51136682947063017
1 0.62305009444365733 1.687269601012293 -0.71758644559759455 -0.69646944878767703 
8 -3.2670827594668772 -0.51136682947063017
1 -0.51012039843143431 -15.95557680153629 -0.99756255007684658 -0.069777924046069459 
8 -3.2670827594668799 -0.5113668294706325
1 1.687269601012291 -0.623050094443656 -0.69646944878767691 0.71758644559759455 
8 -3.2670827594668799 -0.5113668294706325
1 -0.51012039843143664 -15.955576801536289 -0.99756255007684658 -0.06977792404606914 
8 -4.0857927492818762 -1.3300768192856194
1 3.9219094964056023 -4.8890507988150338 0.71758644559759421 -0.69646944878767725 
8 -4.0857927492818762 -1.3300768192856194
1 5.1409507743814782 -15.634796549622445 -0.99756255007684669 0.069777924046068154 
8 -3.267082759466879 -0.51136682947063206
1 -0.62305009444365633 -1.6872696010122912 0.71758644559759444 0.69646944878767714 
8 -3.267082759466879 -0.51136682947063206
1 -0.51012039843143619 -15.955576801536294 -0.99756255007684658 -0.069777924046069223 
Curves 46
1 0 -4.1399999999999997 0 0.88294759285895053 0.46947156278584645 0 
5 1.1191823568770305 -4.1081392336280107 -0.34389870470075862 0.951493126036841 -0.095810319810347155 -0.29237170472273694 0.091584183710474346 0.9953996095126012 -0.02814168929270389 0.29372294496468326 6.2103100439969694e-16 0.95589059604186588 0.62541683026045081 1.1692924760199936
2 -8.7000000000000004e-16 -3.1270935326850067 1.3899999999999999e-15 -2.8000000000000001e-16 -1 4.4e-16 1 -2.7999999999999992e-16 2.2e-16 -2.1999999999999988e-16 4.4000000000000005e-16 1 1.9050000000000007
5 -0.34389870470076433 -4.1081392336280089 1.1191823568770374 -0.2923717047227371 -0.09581031981034567 0.95149312603684111 -0.028141689292702721 0.99539960951260142 0.091584183710473152 -0.95589059604186599 1.5612511283791264e-16 -0.29372294496468332 0.62541683026045214 1.1692924760199963
5 0.34389870470075989 -4.1081392336280054 1.1191823568770338 0.29237170472273694 -0.095810319810346253 0.95149312603684111 0.028141689292703616 0.99539960951260131 0.091584183710473485 -0.95589059604186588 6.1409211049578971e-16 0.29372294496468326 0.62541683026045003 1.1692924760199921
5 -1.1191823568770312 -4.1081392336280089 -0.34389870470075828 -0.951493126036841 -0.095810319810346239 -0.29237170472273721 -0.091584183710473402 0.99539960951260131 -0.028141689292703859 0.29372294496468354 -8.4307560932472825e-16 -0.95589059604186577 0.62541683026044959 1.1692924760199916
5 -1.11918235687703 -4.1081392336280089 0.34389870470076372 -0.95149312603684111 -0.095810319810346101 0.29237170472273682 -0.091584183710473707 0.99539960951260131 0.028141689292702377 -0.2937229449646831 -6.1756155744774342e-16 -0.95589059604186599 0.62541683026044881 1.1692924760199901
5 0.34389870470076167 -4.1081392336280107 -1.1191823568770325 0.29237170472273716 -0.095810319810346906 -0.95149312603684089 0.02814168929270338 0.99539960951260131 -0.091584183710474248 0.95589059604186588 -1.3877787807814457e-16 0.29372294496468349 0.62541683026045303 1.1692924760199979
5 -0.34389870470076334 -4.1081392336280089 -1.1191823568770292 -0.29237170472273688 -0.095810319810347114 -0.951493126036841 -0.028141689292702689 0.9953996095126012 -0.091584183710474679 0.95589059604186599 -6.1409211049578981e-16 -0.29372294496468315 0.62541683026045081 1.1692924760199939
5 1.1191823568770332 -4.1081392336280071 0.343898704700766 0.951493126036841 -0.095810319810346461 0.2923717047227371 0.091584183710474124 0.99539960951260131 0.028141689292702294 -0.29372294496468332 8.4654505627668186e-16 0.95589059604186588 0.62541683026045225 1.1692924760199965
1 -3.6384043644956674 16.839794026191047 -0.9900000000000041 0.10018806161207629 -0.9949685182509117 2.2e-16 
1 1.8850972437465781 0.99999999999999933 0.4747519804021656 0.29372294496468321 6.2999999999999998e-16 0.95589059604186588 
1 -3.3372538854120499 16.870118284898222 -3.7499999999999998e-15 0.10018806161207629 -0.9949685182509117 2.2e-16 
5 0.89111177912482742 -6.5869664157705099 -0.27381792136157268 0.951493126036841 -0.095810319810347155 -0.29237170472273694 0.091584183710474346 0.9953996095126012 -0.02814168929270389 0.29372294496468326 6.2103100439969694e-16 0.95589059604186588 1.8784094974523693 0.91469497146687806
5 0.14845181329260995 -6.8877984914262056 -0.14408320169611064 0.71572045526185402 -0.072069260236348742 -0.69465837045899759 0.051715924289849301 0.9973996299021699 -0.050194037951345687 0.69646944878767736 3.0531133177191805e-16 0.71758644559759421 0.41601196664501633 0.20469247437049737
2 2.8000000000000001e-16 0.99999999999999978 -4.4e-16 -2.8000000000000001e-16 -1 4.4e-16 1 -2.7999999999999992e-16 2.2e-16 -2.1999999999999988e-16 4.4000000000000005e-16 1 3.9626929296419116
