<?xml version='1.0' encoding='utf-8'?>
<!-- FreeCAD DocumentObject -->
<Document SchemaVersion="4" FileVersion="2">
<Object name="Reference">
  <Properties Count="19" TransientCount="1">
    <_Property name="_ElementMapVersion" type="App::PropertyString" status="234881024"/>
    <Property name="BindCopyOnChange" type="App::PropertyEnumeration">
      <Integer value="0"/>
    </Property>
    <Property name="BindMode" type="App::PropertyEnumeration">
      <Integer value="0"/>
    </Property>
    <Property name="Cache_Body001" type="App::PropertyMatrix" group="Cache" attr="0" ro="0" hide="1" doc="" status="69206016">
      <PropertyMatrix a11="1" a12="0" a13="0" a14="0" a21="0" a22="1" a23="0" a24="0" a31="0" a32="0" a33="1" a34="0" a41="0" a42="0" a43="0" a44="1"/>
    </Property>
    <Property name="ClaimChildren" type="App::PropertyBool" status="134217728">
      <Bool value="false"/>
    </Property>
    <Property name="ColoredElements" type="App::PropertyLinkSubHidden" status="218103808">
      <LinkSub value="" count="0">
      </LinkSub>
    </Property>
    <Property name="Context" type="App::PropertyXLink" status="67108864">
      <XLink file="" stamp="" name="Part" sub="Body.Boolean.Reference."/>
    </Property>
    <Property name="ExpressionEngine" type="App::PropertyExpressionEngine" status="67108864">
      <ExpressionEngine count="1" cdata="1">
        <Expressions><![CDATA[
0:.Placement.Base.z
0:Spreadsheet.k
0:

]]>
        </Expressions>
      </ExpressionEngine>
    </Property>
    <Property name="FillStyle" type="App::PropertyEnumeration">
      <Integer value="0"/>
    </Property>
    <Property name="Fuse" type="App::PropertyBool">
      <Bool value="true"/>
    </Property>
    <Property name="Label" type="App::PropertyString" status="134217728">
      <String value="Reference(No. 3 Cross recess - Type H)"/>
    </Property>
    <Property name="Label2" type="App::PropertyString" status="128">
      <String value=""/>
    </Property>
    <Property name="MakeFace" type="App::PropertyBool">
      <Bool value="true"/>
    </Property>
    <Property name="PartialLoad" type="App::PropertyBool" status="1024">
      <Bool value="false"/>
    </Property>
    <Property name="Placement" type="App::PropertyPlacement" status="8388608">
      <PropertyPlacement Px="0" Py="0" Pz="4.6" Q0="0" Q1="0" Q2="0.7071067811865476" Q3="-0.7071067811865475" A="4.71238898038469" Ox="0" Oy="0" Oz="1"/>
    </Property>
    <Property name="Relative" type="App::PropertyBool">
      <Bool value="true"/>
    </Property>
    <Property name="Shape" type="Part::PropertyPartShape">
      <Part HasherIndex="0" ElementMap="1.15.70200.3.0" brep="1">
<![CDATA[

CASCADE Topology V1, (c) Matra-Datavision
Locations 30
1
             -0               1               0               0 
             -1               0               0               0 
              0               0               1             4.6 
1
              1               0               0               0 
              0               1               0               0 
              0               0               1               0 
1
              1               0               0               0 
              0               1               0               0 
              0               0               1               0 
1
              1               0               0               0 
              0               1               0               0 
              0               0               1               0 
2  2 1 3 1 4 1 0
1
              0              -0               1               0 
              1               0               0               0 
             -0               1               0               0 
1
             -0               0               1               0 
              1              -0               0               0 
              0               1              -0               0 
1
              1               0               0               0 
              0               1               0               0 
              0               0               1               0 
2  6 1 7 -1 8 1 0
1
              0              -0               1               0 
              1               0               0               0 
             -0               1               0               0 
2  10 -1 8 -1 7 1 6 -1 0
1
              1               0               0               0 
              0               1               0               0 
              0               0               1               0 
1
              0              -0               1               0 
              1               0              -0               0 
             -0               1               0               0 
1
             -0               0               1               0 
              1              -0               0               0 
              0               1              -0               0 
2  12 1 13 1 14 -1 6 1 7 -1 8 1 0
2  14 1 13 -1 12 -1 0
2  10 -1 8 -1 7 1 6 -1 14 1 13 -1 12 -1 0
1
              1              -0               0               0 
              0               1              -0               0 
             -0               0               1               0 
1
             -1           1e-15          -1e-30               0 
          1e-15               1          -1e-15               0 
             -0          -1e-15              -1               0 
2  18 1 19 1 0
2  10 -1 0
1
              0           1e-15               1               0 
             -0               1          -1e-15               0 
             -1               0               0               0 
2  18 1 22 1 0
2  6 1 7 -1 0
2  10 -1 8 -1 0
1
             -0               0              -1               0 
          1e-15               1               0               0 
              1          -1e-15              -0               0 
2  18 1 26 1 0
2  10 -1 19 -1 18 -1 0
2  10 -1 22 -1 18 -1 0
2  10 -1 26 -1 18 -1 0
Curve2ds 94
1 0 0 1 0 
1 6.2831853071795862 0 0 1 
1 0 0 0 1 
7 0 0  7 8 2  -8.9000000000000007e-16 1.4618688526993466  0.091703421911317307 1.5053921233684113  0.18022153328772816 1.5655810365766456  0.2643567213042175 1.643164087470268  0.34324446569619482 1.7392880241309285  0.41652351064110604 1.8555489374329568  0.48415117822713061 1.9940561280237996  0.54628583468331726 2.1575459465625579 
 0.31880570601343761 8 1.0274099781143737 8
5 1.3948468794944795 -21.094930085654962 0.0294275325070017 0.99956691638456585 -0.99956691638456585 0.0294275325070017 0.62541683026045081 1.1692924760199936
1 0 2.1575459465625624 1 0 
1 0 0 1 0 
7 0 0  7 8 2  1.024510492111578 2.1575459465625646  1.094154669368125 1.974296942683663  1.1706999484904372 1.8224342210664872  1.2543686446579159 1.6981045896770866  1.3450685940687208 1.5984444204880219  1.4421763836505193 1.5213786970916772  1.544210483648081 1.465517988701788  1.6492791066876085 1.4301178410325104 
 -1.0274099781143713 8 -0.23316463508680466 8
5 -0.35961204057219259 -21.094930085654958 -0.0294275325070028 0.99956691638456574 -0.99956691638456574 -0.0294275325070028 0.62541683026045214 1.1692924760199963
7 0 0  7 8 2  1.4923135469021853 1.4301178410325082  1.597382169941713 1.465517988701786  1.6994162699393769 1.5213786970920182  1.7965240595210616 1.5984444204862029  1.8872240089322077 1.6981045896777687  1.9708927050992315 1.8224342210662599  2.0474379842216699 1.974296942683663  2.1170821614782169 2.1575459465625655 
 0.23316463508680557 8 1.0274099781143753 8
5 1.3948468794944806 -21.094930085654962 0.029427532507001641 0.99956691638456574 -0.99956691638456574 0.029427532507001641 0.62541683026045003 1.1692924760199921
7 0 0  7 8 2  2.5953068189064719 2.1575459465625637  2.6649509961630189 1.9742969426836612  2.741496275285499 1.8224342210659188  2.8251649714527503 1.6981045896784508  2.9158649208634415 1.5984444204862029  3.0129727104455242 1.5213786970920751  3.1150068104429751 1.4655179887017835  3.2200754334825028 1.4301178410325055 
 -1.0274099781143757 8 -0.23316463508680671 8
5 -0.35961204057218954 -21.094930085654955 -0.02942753250700296 0.99956691638456574 -0.99956691638456574 -0.02942753250700296 0.62541683026044959 1.1692924760199916
7 0 0  7 8 2  3.0631098736970856 1.4301178410325048  3.1681784967366129 1.4655179887017831  3.2702125967346092 1.5213786970916203  3.3673203863145318 1.5984444204880219  3.4580203357295431 1.6981045896764044  3.5416890318933838 1.8224342210666578  3.6182343110165678 1.974296942683661  3.6878784882731144 2.1575459465625628 
 0.23316463508680932 8 1.0274099781143766 8
5 1.3948468794944779 -21.094930085654951 0.029427532507001489 0.99956691638456574 -0.99956691638456574 0.029427532507001489 0.62541683026044881 1.1692924760199901
7 0 0  7 8 2  4.1661031457013724 2.1575459465625642  4.235747322957919 1.974296942683665  4.3122926020809018 1.8224342210660325  4.3959612982462204 1.698104589677996  4.4866612476585033 1.5984444204866577  4.5837690372397901 1.5213786970922456  4.6858031372378699 1.4655179887017922  4.7908717602773958 1.4301178410325139 
 -1.0274099781143691 8 -0.23316463508681104 8
5 -0.35961204057219082 -21.094930085654958 -0.029427532507002859 0.99956691638456574 -0.99956691638456574 -0.029427532507002859 0.62541683026045303 1.1692924760199981
7 0 0  7 8 2  4.6339062004919818 1.4301178410325097  4.7389748235315086 1.465517988701788  4.8410089235289888 1.5213786970920751  4.9381167131118673 1.5984444204868851  5.0288166625241502 1.6981045896777687  5.1124853586893551 1.822434221066203  5.189030637811463 1.974296942683665  5.2586748150680096 2.1575459465625664 
 0.23316463508680865 8 1.027409978114374 8
5 1.3948468794944775 -21.094930085654958 0.029427532507001551 0.99956691638456574 -0.99956691638456574 0.029427532507001551 0.62541683026045081 1.1692924760199939
7 0 0  7 8 2  5.7368994724962681 2.1575459465625659  5.7990341289524547 1.9940561280238085  5.8666617965370733 1.855548937432502  5.939940841488351 1.7392880241316107  6.0188285858712334 1.6431640874693585  6.1029637738924976 1.5655810365769867  6.1914818852682689 1.5053921233684162  6.2831853071795862 1.4618688526993515 
 -1.0274099781143708 8 -0.31880570601343744 8
5 -0.35961204057219376 -21.094930085654958 -0.02942753250700255 0.99956691638456574 -0.99956691638456574 -0.02942753250700255 0.62541683026045225 1.1692924760199963
1 -2.1000000000000001e-16 -0 3.8000000000000001e-16 -1 
1 9.2167846084405856 -4.66e-15 6.0999999999999995e-16 -1 
1 0.53879060663978862 -15.935756833477461 -0.99956691638456574 0.0294275325070017 
1 1.0352348389222772 1.1700000000000001e-15 3.8000000000000001e-16 -1 
1 0 0 -1.0000000000000001e-17 -1 
7 0 0  5 6 2  0.54628583468331904 -9.9999999999999998e-17  0.55233599992628502 0.040987987271267033  0.55831356020536838 0.08274324913607245  0.56421902681905145 0.12527934338077418  0.57005295663185807 0.1686103351593457  0.57581594374783063 0.21275082492302114 
 1.2259427583716545 6 1.2889449894288936 6
5 1.3215639820685348 -23.584135043167105 0.0294275325070017 0.99956691638456585 -0.99956691638456585 0.0294275325070017 1.8784094974523693 0.91469497146687806
7 0 0  6 7 2  0.54636836283474544 -1.7899999999999999e-15  0.55967562047551866 0.5172495354255362  0.57104822087615759 1.1118432131226399  0.58082777949559272 1.7980551663403617  0.58928117222963294 2.5937460568860189  0.59662064192661413 3.5215705342829891  0.60301788901483699 4.6116159012030362 
 2.8943412844117371 7 3.6374167457925517 7
5 10.793345784622172 -23.957859150138226 0.069777924046068224 0.99756255007684669 -0.99756255007684669 0.069777924046068224 0.41601196664501633 0.20469247437049737
1 0 4.6116159012030389 1 0 
7 0 0  6 7 2  0.96777843778006079 4.6116159012030371  0.97417568486828399 3.5215705342829891  0.98151515456525829 2.5937460568860473  0.98996854729931272 1.7980551663403048  0.99974810591872654 1.1118432131226683  1.0111207063193812 0.5172495354255362  1.0244279639601552 -1.3899999999999999e-15 
 -3.6374167457924966 7 -2.8943412844116816 7
5 -1.5765611761815748 -23.957859150138219 -0.06977792404606914 0.99756255007684658 -0.99756255007684658 -0.06977792404606914 0.41601196664503903 0.20469247437050858
7 0 0  5 6 2  0.99498038304706704 0.21275082492302064  1.0007433701630397 0.16861033515934576  1.0065772999758469 0.12527934338077817  1.0124827665895335 0.082743249136072672  1.0184603268686128 0.040987987271268837  1.0245104921115786 2.1900000000000001e-15 
 -1.2889449894288894 6 -1.2259427583716509 6
5 -0.28632914314624469 -23.584135043167102 -0.0294275325070028 0.99956691638456574 -0.99956691638456574 -0.0294275325070028 1.8784094974523744 0.91469497146688072
1 0 0 -1.0000000000000001e-17 -1 
1 1.0352348389222774 7.0000000000000003e-16 3.8999999999999998e-16 -1 
1 -0.020724941016832091 -15.950982440097103 -0.99956691638456574 -0.029427532507003171 
1 1.0352348389222774 1.54e-15 -1.0000000000000001e-17 -1 
1 0 0 -3.2000000000000002e-16 -1 
1 -2.1000000000000001e-16 -0 3.8999999999999998e-16 -1 
1 9.2167846084405856 -4.66e-15 6.0999999999999995e-16 -1 
1 0.53879060663978917 -15.935756833477463 -0.99956691638456574 0.029427532507001621 
7 0 0  5 6 2  2.1170821614782169 -3.9999999999999999e-16  2.123132326721183 0.040987987271266353  2.1291098870002685 0.082743249136072006  2.135015353613948 0.12527934338077196  2.1408492834267556 0.16861033515934409  2.146612270542728 0.21275082492301906 
 1.2259427583716573 6 1.2889449894288958 6
5 1.3215639820685356 -23.584135043167109 0.029427532507001641 0.99956691638456574 -0.99956691638456574 0.029427532507001641 1.8784094974523642 0.91469497146687562
7 0 0  6 7 2  2.1171646896296434 -5.9999999999999999e-16  2.1304719472704163 0.51724953542553731  2.1418445476710701 1.1118432131226115  2.1516241062903987 1.7980551663404185  2.1600774990245668 2.5937460568859763  2.1674169687215112 3.5215705342829913  2.1738142158097342 4.611615901203038 
 2.8943412844117531 7 3.6374167457925672 7
5 10.793345784622172 -23.95785915013823 0.069777924046068251 0.99756255007684658 -0.99756255007684658 0.069777924046068251 0.41601196664500995 0.20469247437049418
7 0 0  6 7 2  2.5385747645749563 4.6116159012030371  2.5449720116631793 3.5215705342829904  2.5523114813601069 2.5937460568860331  2.5607648740942182 1.7980551663403332  2.5705444327136036 1.1118432131226683  2.5819170331142756 0.51724953542553664  2.5952242907550493 -8.9000000000000007e-16 
 -3.6374167457925184 7 -2.8943412844117038 7
5 -1.5765611761815674 -23.957859150138212 -0.069777924046069278 0.99756255007684658 -0.99756255007684658 -0.069777924046069278 0.41601196664502998 0.20469247437050417
7 0 0  5 6 2  2.5657767098419622 0.21275082492300931  2.5715396969579345 0.16861033515933666  2.5773736267707434 0.12527934338077018  2.5832790933844301 0.082743249136069341  2.5892566536635062 0.040987987271265743  2.5953068189064719 9.8999999999999992e-16 
 -1.2889449894288927 6 -1.2259427583716573 6
5 -0.28632914314624114 -23.584135043167098 -0.02942753250700296 0.99956691638456574 -0.99956691638456574 -0.02942753250700296 1.8784094974523653 0.91469497146687639
1 -0.020724941016829701 -15.950982440097102 -0.99956691638456574 -0.02942753250700296 
1 1.0352348389222772 3.1000000000000001e-16 1.1e-16 -1 
1 0 0 -3.0000000000000001e-17 -1 
1 0 0 1.1e-16 -1 
1 1.035234838922277 -5.4e-16 2.5000000000000002e-16 -1 
1 0.53879060663978873 -15.935756833477452 -0.99956691638456574 0.029427532507001478 
7 0 0  5 6 2  3.6878784882731144 -2.9999999999999999e-16  3.69392865351608 0.040987987271266048  3.6999062137951739 0.082743249136069119  3.7058116804088499 0.12527934338077262  3.7116456102216535 0.16861033515934234  3.7174085973376259 0.21275082492301686 
 1.2259427583716596 6 1.2889449894288973 6
5 1.321563982068533 -23.584135043167095 0.029427532507001489 0.99956691638456574 -0.99956691638456574 0.029427532507001489 1.8784094974523613 0.91469497146687417
1 -2.1000000000000001e-16 0 2.5000000000000002e-16 -1 
1 9.216784608440582 -1.6699999999999999e-15 3.1000000000000001e-16 -1 
7 0 0  6 7 2  3.6879610164245391 5.9999999999999999e-16  3.7012682740653124 0.5172495354255382  3.7126408744659045 1.1118432131226541  3.7224204330852899 1.7980551663403332  3.7308738258193728 2.5937460568860189  3.7382132955164074 3.5215705342829926  3.7446105426046303 4.6116159012030389 
 2.8943412844117429 7 3.637416745792557 7
5 10.793345784622163 -23.957859150138209 0.069777924046068182 0.99756255007684658 -0.99756255007684658 0.069777924046068182 0.41601196664501405 0.2046924743704962
7 0 0  6 7 2  4.1093710913698533 4.6116159012030398  4.1157683384580768 3.5215705342829917  4.1231078081550834 2.5937460568860047  4.1315612008889389 1.7980551663403332  4.14134075950858 1.1118432131226257  4.1527133599091748 0.51724953542553642  4.1660206175499486 -1.2900000000000001e-15 
 -3.6374167457924842 7 -2.8943412844116687 7
5 -1.5765611761815705 -23.957859150138219 -0.069777924046069209 0.99756255007684658 -0.99756255007684658 -0.069777924046069209 0.41601196664504431 0.20469247437051116
7 0 0  5 6 2  4.1365730366368609 0.21275082492301975  4.1423360237528337 0.16861033515934443  4.1481699535656489 0.12527934338077373  4.154075420179332 0.082743249136070229  4.1600529804584063 0.04098798727126593  4.1661031457013724 -1.09e-15 
 -1.2889449894288862 6 -1.2259427583716471 6
5 -0.28632914314624269 -23.584135043167105 -0.029427532507002859 0.99956691638456574 -0.99956691638456574 -0.029427532507002859 1.87840949745238 0.91469497146688394
1 0 0 8.0000000000000006e-17 -1 
1 1.0352348389222772 5.4e-16 2.2e-16 -1 
1 -0.020724941016830811 -15.950982440097109 -0.99956691638456574 -0.029427532507003071 
1 1.0352348389222776 2.1200000000000001e-15 8.0000000000000006e-17 -1 
1 0 0 -6.0000000000000001e-17 -1 
1 -2.1000000000000001e-16 -0 2.2e-16 -1 
1 9.2167846084405838 -3.5500000000000001e-15 2.5999999999999998e-16 -1 
1 0.53879060663978817 -15.935756833477459 -0.99956691638456585 0.029427532507001211 
7 0 0  5 6 2  5.2586748150680087 -2e-16  5.2647249803109748 0.040987987271267359  5.2707025405900509 0.082743249136071562  5.2766080072037553 0.12527934338077462  5.2824419370165474 0.1686103351593472  5.2882049241325202 0.21275082492302311 
 1.225942758371654 6 1.2889449894288938 6
5 1.3215639820685325 -23.584135043167105 0.029427532507001551 0.99956691638456574 -0.99956691638456574 0.029427532507001551 1.8784094974523695 0.91469497146687828
7 0 0  6 7 2  5.2587573432194352 2e-16  5.2720646008602081 0.5172495354255382  5.2834372012609379 1.1118432131226541  5.2932167598798969 1.7980551663403332  5.3016701526144061 2.5937460568860189  5.3090096223113035 3.5215705342829935  5.315406869399526 4.6116159012030407 
 2.8943412844117353 7 3.6374167457925499 7
5 10.793345784622163 -23.957859150138223 0.069777924046068196 0.99756255007684669 -0.99756255007684669 0.069777924046068196 0.41601196664501716 0.20469247437049776
7 0 0  6 7 2  5.6801674181647499 4.6116159012030407  5.6865646652529733 3.5215705342829926  5.6939041349499462 2.5937460568859905  5.7023575276837164 1.7980551663403901  5.7121370863034144 1.1118432131225973  5.7235096867040713 0.51724953542553898  5.7368169443448451 1.2900000000000001e-15 
 -3.6374167457924944 7 -2.8943412844116794 7
5 -1.5765611761815768 -23.957859150138219 -0.06977792404606882 0.99756255007684658 -0.99756255007684658 -0.06977792404606882 0.41601196664504014 0.20469247437050911
7 0 0  5 6 2  5.7073693634317566 0.21275082492302014  5.7131323505477294 0.16861033515934543  5.7189662803605472 0.12527934338077484  5.7248717469742232 0.082743249136072894  5.730849307253302 0.0409879872712689  5.7368994724962681 2.38e-15 
 -1.2889449894288887 6 -1.2259427583716505 6
5 -0.28632914314624625 -23.584135043167102 -0.02942753250700255 0.99956691638456574 -0.99956691638456574 -0.02942753250700255 1.8784094974523757 0.91469497146688139
1 -0.020724941016833861 -15.950982440097105 -0.99956691638456574 -0.029427532507002929 
1 1.0352348389222776 1.94e-15 -1.0000000000000001e-17 -1 
1 0 0 -3.1000000000000001e-16 -1 
1 5.1409507743814791 -15.634796549622449 -0.99756255007684658 0.069777924046068487 
1 5.140950774381472 -15.634796549622441 -0.99756255007684669 0.069777924046068168 
1 -0.51012039843143553 -15.955576801536287 -0.99756255007684669 -0.069777924046069292 
1 5.1409507743814782 -15.634796549622449 -0.99756255007684658 0.069777924046068557 
1 -0.51012039843143897 -15.955576801536294 -0.99756255007684658 -0.069777924046069736 
1 -0.51012039843144152 -15.955576801536292 -0.99756255007684658 -0.069777924046069417 
1 5.1409507743814737 -15.63479654962245 -0.99756255007684669 0.069777924046067849 
1 -0.51012039843143642 -15.955576801536298 -0.99756255007684669 -0.069777924046069223 
Curves 61
1 2.7599999999999999e-15 1.3799999999999999e-15 -4.1400000000000032 -7.9999999999999998e-16 0.88294759285895075 0.46947156278584617 
5 -0.34389870470075817 1.11918235687703 -4.1081392336280107 -0.29237170472273694 0.951493126036841 -0.095810319810347294 -0.028141689292704001 0.091584183710474457 0.9953996095126012 0.95589059604186588 0.29372294496468326 6.9735883734267645e-16 0.62541683026045081 1.1692924760199936
2 2.7799999999999998e-15 -5.1999999999999997e-16 -3.127093532685008 4.4e-16 -6.0999999999999995e-16 -1 -1.1e-16 1 -6.0999999999999995e-16 1 1.1000000000000027e-16 4.3999999999999995e-16 1.9050000000000007
5 1.1191823568770378 -0.34389870470076478 -4.1081392336280089 0.95149312603684111 -0.2923717047227371 -0.095810319810345518 0.091584183710473041 -0.028141689292702617 0.99539960951260142 -0.29372294496468332 -0.95589059604186588 2.2204460492503131e-16 0.62541683026045214 1.1692924760199963
5 1.1191823568770343 0.34389870470075945 -4.1081392336280054 0.95149312603684111 0.29237170472273694 -0.095810319810346184 0.091584183710473374 0.028141689292703723 0.99539960951260131 0.29372294496468326 -0.95589059604186588 7.4940054162198066e-16 0.62541683026045003 1.1692924760199921
2 2.7799999999999998e-15 -5.1999999999999997e-16 -3.127093532685008 4.4e-16 -6.0999999999999995e-16 -1 -1.1e-16 1 -6.0999999999999995e-16 1 1.1000000000000027e-16 4.3999999999999995e-16 1.9050000000000007
5 -0.34389870470075784 -1.1191823568770316 -4.1081392336280089 -0.29237170472273716 -0.951493126036841 -0.095810319810346156 -0.02814168929270397 -0.091584183710473277 0.99539960951260131 -0.95589059604186588 0.29372294496468354 -9.8879238130678024e-16 0.62541683026044959 1.1692924760199916
5 0.34389870470076417 -1.1191823568770305 -4.1081392336280089 0.29237170472273682 -0.95149312603684111 -0.095810319810345976 0.028141689292702259 -0.091584183710473624 0.99539960951260131 -0.95589059604186599 -0.29372294496468304 -7.0429773124658378e-16 0.62541683026044881 1.1692924760199901
2 2.7799999999999998e-15 -5.1999999999999997e-16 -3.127093532685008 4.4e-16 -6.0999999999999995e-16 -1 -1.1e-16 1 -6.0999999999999995e-16 1 1.1000000000000027e-16 4.3999999999999995e-16 1.9050000000000007
5 -1.119182356877032 0.34389870470076123 -4.1081392336280107 -0.951493126036841 0.29237170472273721 -0.095810319810347058 -0.091584183710474387 0.028141689292703484 0.99539960951260131 0.29372294496468349 0.95589059604186577 -1.9775847626135596e-16 0.62541683026045303 1.1692924760199979
5 -1.1191823568770287 -0.34389870470076378 -4.1081392336280089 -0.951493126036841 -0.29237170472273688 -0.095810319810347197 -0.09158418371047479 -0.028141689292702582 0.9953996095126012 -0.29372294496468315 0.95589059604186599 -7.4593109467002715e-16 0.62541683026045081 1.1692924760199939
2 2.7799999999999998e-15 -5.1999999999999997e-16 -3.127093532685008 4.4e-16 -6.0999999999999995e-16 -1 -1.1e-16 1 -6.0999999999999995e-16 1 1.1000000000000027e-16 4.3999999999999995e-16 1.9050000000000007
5 0.34389870470076644 1.1191823568770327 -4.1081392336280071 0.29237170472273716 0.951493126036841 -0.095810319810346545 0.028141689292702183 0.091584183710474248 0.99539960951260142 0.95589059604186599 -0.29372294496468337 9.9573127521068727e-16 0.62541683026045225 1.1692924760199965
1 -0.98999999999997534 3.6384043644956665 -16.839794026191058 -1.4000000000000001e-15 -0.10018806161207607 0.99496851825091182 
1 0.47475198040216549 1.8850972437465781 0.99999999999999911 0.95589059604186588 0.29372294496468321 7.0000000000000003e-16 
1 2.5210000000000001e-14 3.3372538854120477 -16.870118284898233 -1.4000000000000001e-15 -0.10018806161207607 0.99496851825091182 
5 -0.27381792136157196 0.89111177912482664 -6.5869664157705099 -0.29237170472273694 0.951493126036841 -0.095810319810347294 -0.028141689292704001 0.091584183710474457 0.9953996095126012 0.95589059604186588 0.29372294496468326 6.9735883734267645e-16 1.8784094974523693 0.91469497146687806
5 -0.14408320169610986 0.14845181329260917 -6.8877984914262056 -0.69465837045899759 0.71572045526185402 -0.072069260236348909 -0.050194037951345784 0.051715924289849446 0.9973996299021699 0.71758644559759421 0.69646944878767725 2.7755575615628909e-16 0.41601196664501633 0.20469247437049737
2 -8.9000000000000007e-16 1.7e-16 1.0000000000000002 4.4e-16 -6.0999999999999995e-16 -1 -1.1e-16 1 -6.0999999999999995e-16 1 1.1000000000000027e-16 4.3999999999999995e-16 3.9626929296419116
5 0.14845181329262686 -0.14408320169612726 -6.8877984914262029 0.71572045526185424 -0.69465837045899759 -0.072069260236346425 0.051715924289847677 -0.050194037951344063 0.99739962990217013 -0.69646944878767725 -0.71758644559759432 -2.8449465006019636e-16 0.41601196664503903 0.20469247437050858
5 0.89111177912483852 -0.27381792136158206 -6.5869664157705063 0.95149312603684111 -0.2923717047227371 -0.095810319810345518 0.091584183710473041 -0.028141689292702617 0.99539960951260142 -0.29372294496468332 -0.95589059604186588 2.2204460492503131e-16 1.8784094974523744 0.91469497146688072
1 -16.870118284898233 1.906e-14 3.3372538854120495 0.99496851825091182 -1.01e-15 -0.10018806161207618 
1 1.7331269752868474 -0.019819359661449879 1.0000000000000024 -0.29372294496468332 -0.95589059604186588 2.2e-16 
1 -16.839794026191058 0.99000000000001998 3.6384043644956665 0.99496851825091182 -1.01e-15 -0.10018806161207618 
1 -16.839794026191058 -0.98999999999998145 3.6384043644956687 0.99496851825091182 -1.01e-15 -0.10018806161207618 
1 1.8850972437465769 -0.47475198040216504 1.0000000000000007 0.29372294496468321 -0.95589059604186588 7.3999999999999999e-16 
5 0.89111177912483353 0.27381792136157385 -6.5869664157705081 0.95149312603684111 0.29237170472273694 -0.095810319810346184 0.091584183710473374 0.028141689292703723 0.99539960951260131 0.29372294496468326 -0.95589059604186588 7.4940054162198066e-16 1.8784094974523642 0.91469497146687562
5 0.14845181329261645 0.14408320169611019 -6.8877984914262065 0.71572045526185424 0.69465837045899759 -0.072069260236347965 0.051715924289848274 0.050194037951345624 0.9973996299021699 0.69646944878767725 -0.71758644559759432 9.8532293435482643e-16 0.41601196664500995 0.2046924743704942
2 -8.9000000000000007e-16 1.7e-16 1.0000000000000002 4.4e-16 -6.0999999999999995e-16 -1 -1.1e-16 1 -6.0999999999999995e-16 1 1.1000000000000027e-16 4.3999999999999995e-16 3.9626929296419116
5 -0.14408320169611455 -0.148451813292621 -6.8877984914262047 -0.69465837045899759 -0.71572045526185413 -0.072069260236347563 -0.050194037951345367 -0.051715924289848003 0.99739962990217013 -0.71758644559759421 0.69646944878767725 -9.8532293435482623e-16 0.41601196664502998 0.20469247437050417
5 -0.27381792136157163 -0.89111177912483142 -6.5869664157705099 -0.29237170472273716 -0.951493126036841 -0.095810319810346156 -0.02814168929270397 -0.091584183710473277 0.99539960951260131 -0.95589059604186588 0.29372294496468354 -9.8879238130678024e-16 1.8784094974523653 0.91469497146687639
1 -0.01981935966144982 -1.7331269752868428 0.99999999999999845 -0.95589059604186588 0.29372294496468349 -1.0000000000000001e-15 
1 0.98999999999999455 -3.6384043644956661 16.839794026191047 3.2999999999999999e-16 0.10018806161207618 -0.9949685182509117 
1 -5.6199999999999998e-15 -3.3372538854120481 16.870118284898222 3.2999999999999999e-16 0.10018806161207618 -0.9949685182509117 
1 -0.47475198040216537 -1.8850972437465736 0.99999999999999967 -0.95589059604186599 -0.29372294496468299 -7.0000000000000003e-16 
5 0.27381792136158223 -0.89111177912482942 -6.5869664157705099 0.29237170472273682 -0.95149312603684111 -0.095810319810345976 0.028141689292702259 -0.091584183710473624 0.99539960951260131 -0.95589059604186599 -0.29372294496468304 -7.0429773124658378e-16 1.8784094974523613 0.91469497146687417
1 -0.99000000000000599 -3.6384043644956656 16.839794026191047 3.2999999999999999e-16 0.10018806161207618 -0.9949685182509117 
5 0.14408320169612121 -0.14845181329261528 -6.8877984914262047 0.69465837045899748 -0.71572045526185435 -0.072069260236347091 0.050194037951344118 -0.051715924289848551 0.99739962990217013 -0.71758644559759444 -0.69646944878767703 -2.7061686225238186e-16 0.41601196664501405 0.2046924743704962
2 -8.9000000000000007e-16 1.7e-16 1.0000000000000002 4.4e-16 -6.0999999999999995e-16 -1 -1.1e-16 1 -6.0999999999999995e-16 1 1.1000000000000027e-16 4.3999999999999995e-16 3.9626929296419116
5 -0.14845181329261645 0.14408320169612215 -6.8877984914262029 -0.71572045526185413 0.6946583704589977 -0.072069260236347993 -0.051715924289849148 0.050194037951344771 0.9973996299021699 0.69646944878767725 0.71758644559759421 2.4286128663675294e-16 0.41601196664504431 0.20469247437051119
5 -0.89111177912482897 0.27381792136157629 -6.5869664157705099 -0.951493126036841 0.29237170472273721 -0.095810319810347058 -0.091584183710474387 0.028141689292703484 0.99539960951260131 0.29372294496468349 0.95589059604186577 -1.9775847626135596e-16 1.87840949745238 0.91469497146688372
1 16.870118284898226 -1.7990000000000001e-14 3.3372538854120699 -0.99496851825091159 1.08e-15 -0.1001880616120774 
1 -1.7331269752868483 0.019819359661451121 0.99999999999999623 0.29372294496468343 0.95589059604186588 -2.2e-16 
1 16.839794026191051 -0.99000000000001853 3.6384043644956887 -0.99496851825091159 1.08e-15 -0.1001880616120774 
1 16.839794026191051 0.98999999999998289 3.6384043644956874 -0.99496851825091159 1.08e-15 -0.1001880616120774 
1 -1.8850972437465772 0.4747519804021646 0.99999999999999734 -0.29372294496468304 0.95589059604186599 -7.3999999999999999e-16 
5 -0.89111177912482453 -0.27381792136158101 -6.5869664157705099 -0.951493126036841 -0.29237170472273688 -0.095810319810347197 -0.09158418371047479 -0.028141689292702582 0.9953996095126012 -0.29372294496468315 0.95589059604186599 -7.4593109467002715e-16 1.8784094974523695 0.91469497146687828
5 -0.14845181329260682 -0.14408320169611963 -6.8877984914262056 -0.71572045526185424 -0.69465837045899748 -0.072069260236348312 -0.051715924289849904 -0.050194037951344472 0.99739962990217002 -0.69646944878767714 0.71758644559759444 -9.6450625264310455e-16 0.41601196664501716 0.20469247437049776
2 -8.9000000000000007e-16 1.7e-16 1.0000000000000002 4.4e-16 -6.0999999999999995e-16 -1 -1.1e-16 1 -6.0999999999999995e-16 1 1.1000000000000027e-16 4.3999999999999995e-16 3.9626929296419116
5 0.14408320169613029 0.14845181329261767 -6.8877984914262029 0.6946583704589977 0.71572045526185424 -0.072069260236347077 0.050194037951343612 0.051715924289848995 0.99739962990217013 0.71758644559759432 -0.69646944878767725 9.6450625264310455e-16 0.41601196664504014 0.20469247437050911
5 0.27381792136158473 0.89111177912482975 -6.5869664157705081 0.29237170472273716 0.951493126036841 -0.095810319810346545 0.028141689292702183 0.091584183710474248 0.99539960951260142 0.95589059604186599 -0.29372294496468337 9.9573127521068727e-16 1.8784094974523757 0.9146949714668815
1 0.019819359661451371 1.7331269752868479 0.99999999999999956 0.95589059604186588 -0.29372294496468332 1.0000000000000001e-15 
1 0.99000000000002608 3.6384043644956652 -16.839794026191058 -1.4000000000000001e-15 -0.10018806161207607 0.99496851825091182 
1 3.9219094964056032 4.8890507988150347 1.0000000000000022 0.71758644559759421 0.69646944878767725 2.8999999999999998e-16 
1 -3.921909496405604 -4.8890507988150311 0.99999999999999589 -0.71758644559759444 -0.69646944878767714 -2.8999999999999998e-16 
1 0.62305009444365844 -1.6872696010122876 1 -0.71758644559759421 0.69646944878767736 -9.8999999999999992e-16 
1 4.8890507988150338 -3.9219094964056045 1.0000000000000062 0.69646944878767725 -0.71758644559759421 9.7999999999999995e-16 
1 1.6872696010122923 0.62305009444365755 1.0000000000000013 -0.69646944878767725 -0.71758644559759432 -2.5999999999999998e-16 
1 -0.62305009444365611 1.6872696010122918 1.0000000000000007 0.71758644559759432 -0.69646944878767714 9.8999999999999992e-16 
1 -4.8890507988150329 3.9219094964056036 0.99999999999999434 -0.69646944878767703 0.71758644559759444 -9.7999999999999995e-16 
1 -1.6872696010122921 -0.62305009444365544 0.99999999999999678 0.69646944878767736 0.71758644559759421 2.5999999999999998e-16 
Polygon3D 0
PolygonOnTriangulations 0
Surfaces 22
3 3.6799999999999998e-15 -6.8999999999999997e-16 -4.1400000000000023 -8.9000000000000007e-16 1.7e-16 1 -1.1e-16 1 -1.700000000000001e-16 1 1.1000000000000015e-16 8.9000000000000007e-16 2.2999999999999999e-16
1.0821041362365347
1 -0.98999999999997523 3.6384043644956661 -16.839794026191058 0.29237170472273749 0.951493126036841 0.09581031981034592 0.95630475596303521 -0.2909006418264754 -0.029292154366387602 1.6618650899857812e-15 0.10018806161207554 -0.99496851825091182 
3 2.7799999999999998e-15 -5.1999999999999997e-16 -3.127093532685008 -8.9000000000000007e-16 1.7e-16 1 -1.1e-16 1 -1.700000000000001e-16 1 1.1000000000000015e-16 8.9000000000000007e-16 1.9050000000000007
0.46251225168707594
1 -16.870118284898233 1.906e-14 3.3372538854120495 0.095810319810345393 -0.29237170472273616 0.95149312603684144 0.029292154366390172 0.95630475596303577 0.29090064182647379 -0.9949685182509117 1.1067535776732027e-15 0.10018806161207576 
1 -16.839794026191058 -0.98999999999998134 3.6384043644956683 0.095810319810345906 0.29237170472273788 0.95149312603684089 -0.029292154366388056 0.9563047559630351 -0.29090064182647574 -0.99496851825091182 1.259409243559162e-15 0.10018806161207565 
3 2.7799999999999998e-15 -5.1999999999999997e-16 -3.127093532685008 -8.9000000000000007e-16 1.7e-16 1 -1.1e-16 1 -1.700000000000001e-16 1 1.1000000000000015e-16 8.9000000000000007e-16 1.9050000000000007
0.46251225168707594
1 -5.6199999999999998e-15 -3.3372538854120481 16.870118284898222 -0.29237170472273721 -0.95149312603684111 -0.095810319810346156 0.95630475596303555 -0.29090064182647496 -0.029292154366389139 -2.1857515797307764e-16 -0.1001880616120762 0.99496851825091182 
1 -0.99000000000000588 -3.6384043644956652 16.839794026191047 0.29237170472273677 -0.95149312603684111 -0.095810319810345962 0.95630475596303544 0.29090064182647446 0.02929215436638935 -8.6736173798840355e-17 -0.10018806161207608 0.9949685182509117 
3 2.7799999999999998e-15 -5.1999999999999997e-16 -3.127093532685008 -8.9000000000000007e-16 1.7e-16 1 -1.1e-16 1 -1.700000000000001e-16 1 1.1000000000000015e-16 8.9000000000000007e-16 1.9050000000000007
0.46251225168707594
1 16.870118284898226 -1.7990000000000001e-14 3.3372538854120699 -0.095810319810346906 0.29237170472273755 0.95149312603684078 -0.029292154366390835 -0.95630475596303521 0.29090064182647513 0.99496851825091159 -1.1483869410966463e-15 0.10018806161207743 
1 16.839794026191051 0.98999999999998278 3.6384043644956869 -0.095810319810347544 -0.29237170472273644 0.95149312603684122 0.029292154366388368 -0.95630475596303566 -0.29090064182647424 0.99496851825091159 -1.2836953722228371e-15 0.1001880616120773 
3 2.7799999999999998e-15 -5.1999999999999997e-16 -3.127093532685008 -8.9000000000000007e-16 1.7e-16 1 -1.1e-16 1 -1.700000000000001e-16 1 1.1000000000000015e-16 8.9000000000000007e-16 1.9050000000000007
0.46251225168707594
1 2.5210000000000001e-14 3.3372538854120477 -16.870118284898233 -0.29237170472273655 0.95149312603684133 0.095810319810345143 0.95630475596303566 0.29090064182647413 0.029292154366390565 1.519617764955683e-15 0.10018806161207566 -0.99496851825091182 
1 -7.6199999999999752 10.008706796161315 -16.198338300905174 0.69465837045899803 0.71572045526185368 0.072069260236347854 0.71933980033865053 -0.69116320954618238 -0.069596475618888848 1.6167622796103842e-15 0.10018806161207541 -0.99496851825091182 
1 -16.839794026191058 0.99000000000001998 3.6384043644956665 0.072069260236346383 -0.69465837045899681 0.71572045526185502 0.069596475618890818 0.71933980033865175 0.69116320954618093 -0.9949685182509117 1.0130785099704551e-15 0.1001880616120757 
1 -16.198338300905171 -7.6199999999999788 10.008706796161318 0.072069260236347646 0.69465837045899836 0.71572045526185346 -0.06959647561888925 0.71933980033865019 -0.6911632095461826 -0.9949685182509117 1.221245327087672e-15 0.10018806161207552 
1 0.98999999999999455 -3.6384043644956661 16.839794026191047 -0.69465837045899759 -0.71572045526185413 -0.072069260236347563 0.71933980033865097 -0.69116320954618182 -0.069596475618890249 -3.4000580129145419e-16 -0.10018806161207619 0.99496851825091182 
1 -7.6200000000000072 -10.008706796161304 16.198338300905149 0.69465837045899748 -0.71572045526185424 -0.072069260236347091 0.71933980033865097 0.69116320954618171 0.069596475618890416 -1.2490009027033011e-16 -0.10018806161207597 0.99496851825091182 
1 16.839794026191051 -0.99000000000001853 3.6384043644956887 -0.072069260236347438 0.69465837045899803 0.71572045526185379 -0.069596475618892095 -0.71933980033865053 0.69116320954618193 0.9949685182509117 -1.033895191682177e-15 0.10018806161207738 
1 16.198338300905156 7.6199999999999894 10.008706796161324 -0.072069260236348964 -0.69465837045899714 0.71572045526185446 0.069596475618890249 -0.71933980033865141 -0.69116320954618138 0.99496851825091159 -1.2490009027033009e-15 0.10018806161207718 
1 0.99000000000002608 3.6384043644956652 -16.839794026191058 -0.69465837045899714 0.71572045526185479 0.072069260236346036 0.71933980033865141 0.69116320954618116 0.069596475618891068 1.3947176746853529e-15 0.10018806161207566 -0.99496851825091182 
1 -8.9000000000000007e-16 1.7e-16 1 -8.9000000000000007e-16 1.7e-16 1 -1.1e-16 1 -1.700000000000001e-16 1 1.1000000000000015e-16 8.9000000000000007e-16 
Triangulations 0

TShapes 150
Ve
1e-07
-4.14 4e-15 -2e-15
0 0

0101101
*
Ed
 1e-07 1 1 1
2  1 1 0 0 6.28318530717959
0

0101000
+150 11 -150 11 *
Ve
1.00000009e-07
-3.45369414513529 4e-15 1.29075358456636
0 0

0101101
*
Ed
 1e-07 1 1 0
1  1 0 0 1.46186885269934
3  2 3CN 1 16 0 1.46186885269934
0

0101000
+150 17 -148 17 *
Ve
1.00000003e-07
-3.12709353268501 0.9896802925977 1.62774626967588
0 0

0101101
*
Ed
 1e-07 1 1 0
1  2 0 0.318805706013438 1.02740997811437
2  4 1 9 0.318805706013438 1.02740997811437
2  5 2 20 0.318805706013438 1.02740997811437
0

0101000
+148 21 -146 21 *
Ve
1.00000004e-07
-3.12709353268501 1.62774626967588 0.989680292597691
0 0

0101101
*
Ed
 1e-07 1 1 0
1  3 0 0.54628583468332 1.02451049211158
2  6 1 0 0.54628583468332 1.02451049211158
2  7 3 0 0.54628583468332 1.02451049211158
0

0101000
+146 11 -144 11 *
Ve
1.00000007e-07
-3.45369414513529 1.29075358456636 -3e-15
0 0

0101101
*
Ed
 1e-07 1 1 0
1  4 0 -1.02740997811437 -0.318805706013435
2  8 1 9 -1.02740997811437 -0.318805706013435
2  9 4 23 -1.02740997811437 -0.318805706013435
0

0101000
+144 21 -142 21 *
Ve
1.00000006e-07
-3.12709353268501 1.62774626967588 -0.9896802925977
0 0

0101101
*
Ed
 1e-07 1 1 0
1  5 0 0.318805706013437 1.02740997811438
2  10 1 9 0.318805706013437 1.02740997811438
2  11 5 23 0.318805706013437 1.02740997811438
0

0101000
+142 21 -140 21 *
Ve
1.00000003e-07
-3.12709353268501 0.989680292597701 -1.62774626967588
0 0

0101101
*
Ed
 1e-07 1 1 0
1  6 0 2.11708216147822 2.59530681890647
2  6 1 0 2.11708216147822 2.59530681890647
2  7 6 0 2.11708216147822 2.59530681890647
0

0101000
+140 11 -138 11 *
Ve
1.00000001e-07
-3.45369414513529 1e-15 -1.29075358456636
0 0

0101101
*
Ed
 1e-07 1 1 0
1  7 0 -1.02740997811438 -0.318805706013436
2  12 1 24 -1.02740997811438 -0.318805706013436
2  13 7 0 -1.02740997811438 -0.318805706013436
0

0101000
+138 25 -136 25 *
Ve
1.00000001e-07
