<?xml version='1.0' encoding='utf-8'?>
<!-- FreeCAD DocumentObject -->
<Document SchemaVersion="4" FileVersion="2">
<Object name="Body" Extensions="True">
  <Extensions Count="1">
    <Extension type="App::OriginGroupExtension" name="OriginGroupExtension">
    </Extension>
  </Extensions>
  <Properties Count="16" TransientCount="2">
    <_Property name="_ElementMapVersion" type="App::PropertyString" status="234881024"/>
    <_Property name="_GroupTouched" type="App::PropertyBool" status="100663424"/>
    <Property name="AutoGroupSolids" type="App::PropertyBool" status="134217728">
      <Bool value="false"/>
    </Property>
    <Property name="BaseFeature" type="App::PropertyLink">
      <Link value=""/>
    </Property>
    <Property name="ColoredElements" type="App::PropertyLinkSubHidden" status="218103808">
      <LinkSub value="" count="0">
      </LinkSub>
    </Property>
    <Property name="ExportMode" type="App::PropertyEnumeration" status="8">
      <Integer value="0"/>
    </Property>
    <Property name="ExpressionEngine" type="App::PropertyExpressionEngine" status="67108864">
      <ExpressionEngine count="0"></ExpressionEngine>
    </Property>
    <Property name="Group" type="App::PropertyLinkList">
      <LinkList count="4">
        <Link value="Sketch"/>
        <Link value="Revolution"/>
        <Link value="Binder"/>
        <Link value="Boolean"/>
      </LinkList>
    </Property>
    <Property name="Label" type="App::PropertyString" status="134217728">
      <String value="Body"/>
    </Property>
    <Property name="Label2" type="App::PropertyString" status="128">
      <String value=""/>
    </Property>
    <Property name="Origin" type="App::PropertyLink" status="67108864">
      <Link value="Origin001"/>
    </Property>
    <Property name="Placement" type="App::PropertyPlacement" status="8388608">
      <PropertyPlacement Px="0" Py="0" Pz="0" Q0="0" Q1="0" Q2="0" Q3="1" A="0" Ox="0" Oy="0" Oz="1"/>
    </Property>
    <Property name="Shape" type="Part::PropertyPartShape">
      <Part HasherIndex="0" ElementMap="1.15.70200.3.0" brep="1">
<![CDATA[

CASCADE Topology V1, (c) Matra-Datavision
Locations 46
1
              1               0               0               0 
              0               1               0               0 
              0               0               1               0 
1
              1               0               0               0 
              0               0              -1               0 
              0               1               0               0 
1
              1               0               0               0 
              0               1               0               0 
              0               0               1               0 
2  3 -1 2 -1 0
2  3 -1 0
1
              0              -0               1               0 
              1               0               0               0 
             -0               1               0               0 
1
             -0               0               1               0 
              1              -0               0               0 
              0               1              -0               0 
1
              1               0               0               0 
              0               1               0               0 
              0               0               1               0 
1
              1               0               0               0 
              0               1               0               0 
              0               0               1               0 
1
              1               0               0               0 
              0               1               0               0 
              0               0               1               0 
1
              1               0               0               0 
              0               1               0               0 
              0               0               1               0 
1
              1               0               0               0 
              0               1               0               0 
              0               0               1               0 
1
              1               0               0               0 
              0               1               0               0 
              0               0               1             3.9 
1
              1               0               0               0 
              0               1               0               0 
              0               0               1               0 
1
              1               0               0               0 
              0               1               0               0 
              0               0               1               0 
1
              1               0               0               0 
              0               1               0               0 
              0               0               1               0 
2  6 1 7 -1 8 1 9 1 10 1 11 1 12 1 13 1 14 1 15 1 16 1 0
1
              1               0               0               0 
              0               1               0               0 
              0               0               1               0 
1
              1               0               0               0 
              0               0              -1               0 
              0               1               0               0 
1
              1               0               0               0 
              0              -0              -1               0 
              0               1              -0               0 
2  18 1 19 1 20 -1 0
2  20 1 19 -1 18 -1 0
2  3 -1 2 -1 20 1 19 -1 18 -1 0
1
              1              -0               0               0 
              0               1              -0               0 
             -0               0               1               0 
1
             -1           1e-15          -1e-30               0 
          1e-15               1          -1e-15               0 
             -0          -1e-15              -1               0 
2  24 1 25 1 9 1 10 1 11 1 12 1 13 1 14 1 15 1 16 1 0
2  3 -1 16 -1 15 -1 14 -1 13 -1 12 -1 11 -1 10 -1 9 -1 25 -1 24 -1 0
2  9 1 10 1 11 1 12 1 13 1 14 1 15 1 16 1 0
2  6 1 7 -1 8 1 0
2  3 -1 16 -1 15 -1 14 -1 13 -1 12 -1 11 -1 10 -1 9 -1 0
2  3 -1 16 -1 15 -1 14 -1 13 -1 12 -1 11 -1 10 -1 9 -1 8 -1 7 1 6 -1 0
1
             -0               0              -1               0 
          1e-15               1               0               0 
              1          -1e-15              -0               0 
2  24 1 32 1 9 1 10 1 11 1 12 1 13 1 14 1 15 1 16 1 0
2  3 -1 16 -1 15 -1 14 -1 13 -1 12 -1 11 -1 10 -1 9 -1 32 -1 24 -1 0
2  8 1 9 1 10 1 11 1 12 1 13 1 14 1 15 1 16 1 0
2  6 1 7 -1 0
2  3 -1 16 -1 15 -1 14 -1 13 -1 12 -1 11 -1 10 -1 9 -1 8 -1 0
1
              0           1e-15               1               0 
             -0               1          -1e-15               0 
             -1               0               0               0 
2  24 1 38 1 9 1 10 1 11 1 12 1 13 1 14 1 15 1 16 1 0
2  3 -1 16 -1 15 -1 14 -1 13 -1 12 -1 11 -1 10 -1 9 -1 38 -1 24 -1 0
1
              1               0               0               0 
              0               1               0               0 
              0               0               1               0 
1
              0              -0               1               0 
              1               0              -0               0 
             -0               1               0               0 
1
             -0               0               1               0 
              1              -0               0               0 
              0               1              -0               0 
2  41 1 42 1 43 -1 6 1 7 -1 8 1 0
2  43 1 42 -1 41 -1 0
2  3 -1 16 -1 15 -1 14 -1 13 -1 12 -1 11 -1 10 -1 9 -1 8 -1 7 1 6 -1 43 1 42 -1 41 -1 0
Curve2ds 53
1 0 1.5707963267948966 1 0 
1 6.2831853071795853 2.6781843498321005 -1 0 
1 6.2831853071795853 2.6781843498321005 -1 0 
1 6.2831853071795853 2.6781843498321005 -1 0 
1 6.2831853071795853 2.6781843498321005 -1 0 
1 0 0.08726646259971646 1 0 
1 0 -8.0000000000000006e-17 1 0 
1 6.2831853071795862 3.9999999999999999e-16 0 1 
1 0 3.9999999999999999e-16 0 1 
7 0 0  7 8 2  -8.9000000000000007e-16 1.4618688527447112  0.091703421905956262 1.5053921234125824  0.18022153327817847 1.5655810366184824  0.26435672128875609 1.6431640875071025  0.34324446568073341 1.7392880241620787  0.41652351061882342 1.8555489374564331  0.48415117820341091 1.9940561280371025  0.54628583465789138 2.1575459465626161 
 0.31880570601343966 8 1.0274099780729578 8
7 0 0  5 6 2  0.54628583465789271 -3.9999999999999999e-16  0.55233599990386895 0.04098798727771958  0.55831356018590217 0.082743249149418885  0.56421902680247449 0.12527934340146452  0.57005295661810973 0.16861033518784355  0.5758159437368523 0.21275082495980613 
 1.2259427582472207 6 1.2889449893279123 6
7 0 0  5 6 2  5.7073693634427354 0.21275082495980216  5.7131323505614775 0.16861033518784033  5.7189662803771029 0.12527934340146341  5.7248717469937134 0.082743249149415776  5.7308493072757178 0.04098798727771865  5.736899472521694 -7.0000000000000003e-16 
 -1.2889449893279075 6 -1.2259427582472167 6
7 0 0  7 8 2  5.736899472521694 2.1575459465626237  5.7990341289761744 1.994056128037111  5.8666617965598107 1.8555489374562057  5.9399408415019934 1.7392880241623061  6.0188285858903328 1.6431640875073299  6.1029637739011378 1.5655810366183687  6.1914818852736291 1.5053921234125867  6.2831853071795862 1.4618688527447152 
 -1.0274099780729546 8 -0.31880570601343949 8
7 0 0  6 7 2  5.6854439127132954 3.7955847346043416  5.6915659760460739 2.9362413604027386  5.6984708207335188 2.1880724415829889  5.7062820989193597 1.5331621826763637  5.7151487031729857 0.957447103762604  5.7252522490773421 0.44951660362845253  5.7368169443595871 -2.9999999999999999e-16 
 -3.5401122993629723 7 -2.8943412839691804 7
7 0 0  5 6 2  5.2586748150425819 -2.38e-15  5.2647249802885581 0.040987987277718151  5.2707025405706105 0.082743249149414888  5.2766080071871571 0.12527934340146429  5.2824419370027993 0.16861033518784374  5.2882049241215423 0.21275082495980693 
 1.2259427582472195 6 1.2889449893279121 6
7 0 0  6 7 2  5.2587573432046923 1.59e-15  5.2703220384869365 0.44951660362845425  5.280425584391196 0.95744710376263242  5.2892921886445947 1.5331621826762785  5.2971034668306629 2.1880724415830315  5.3040083115182028 2.9362413604027395  5.3101303748509814 3.7955847346043412 
 2.8943412839692306 7 3.5401122993630216 7
1 0 -9.9999999999999998e-17 1 0 
1 0 2.1575459465626197 1 0 
7 0 0  7 8 2  4.6339062004944687 1.4301178410777269  4.7389748235280988 1.4655179887465528  4.8410089235194391 1.5213786971345371  4.9381167130991344 1.598444420525766  5.0288166625023223 1.6981045897109652  5.1124853586682093 1.8224342210914415  5.1890306377877451 1.9742969426980319  5.2586748150425828 2.1575459465626228 
 0.23316463508949636 8 1.0274099780729566 8
7 0 0  5 6 2  4.1365730366478397 0.21275082495980355  4.1423360237665818 0.16861033518784144  4.1481699535822187 0.12527934340146119  4.1540754201987937 0.082743249149413112  4.1600529804808231 0.040987987277718192  4.1661031457267992 -1.3899999999999999e-15 
 -1.2889449893279048 6 -1.2259427582472135 6
7 0 0  7 8 2  4.1661031457267974 2.1575459465626206  4.235747322981636 1.9742969426980301  4.3122926021011381 1.8224342210909299  4.395961298266684 1.6981045897118747  4.4866612476726004 1.5984444205250838  4.5837690372493398 1.5213786971349919  4.6858031372412823 1.4655179887465533  4.7908717602749125 1.4301178410777275 
 -1.0274099780729531 8 -0.23316463508949337 8
7 0 0  6 7 2  4.1146475859183997 3.7955847346043359  4.1207696492511783 2.9362413604027351  4.1276744939385708 2.1880724415830315  4.1354857721246958 1.5331621826763637  4.1443523763780377 0.95744710376261821  4.1544559222824455 0.44951660362845347  4.1660206175646906 1.3899999999999999e-15 
 -3.5401122993629617 7 -2.8943412839691707 7
7 0 0  5 6 2  3.6878784882476885 7.9000000000000002e-16  3.6939286534936646 0.040987987277719858  3.6999062137756979 0.082743249149416664  3.7058116803922729 0.12527934340146274  3.7116456102079045 0.16861033518784127  3.7174085973266471 0.21275082495980277 
 1.2259427582472262 6 1.2889449893279163 6
7 0 0  6 7 2  3.6879610164097958 2.4800000000000001e-15  3.6995257116920399 0.44951660362845486  3.7096292575962764 0.95744710376263242  3.718495861849874 1.5331621826762785  3.7263071400357433 2.1880724415830457  3.7332119847233058 2.9362413604027373  3.7393340480560844 3.7955847346043381 
 2.8943412839692293 7 3.5401122993630199 7
7 0 0  7 8 2  3.0631098736995708 1.4301178410777204  3.1681784967332018 1.4655179887465464  3.2702125967249458 1.5213786971344234  3.3673203863031631 1.598444420525766  3.4580203357090795 1.6981045897109652  3.5416890318729202 1.822434221091612  3.6182343109928494 1.9742969426980277  3.687878488247688 2.1575459465626197 
 0.23316463508949467 8 1.02740997807296 8
7 0 0  5 6 2  2.5657767098529405 0.21275082495979403  2.5715396969716826 0.16861033518783472  2.5773736267873204 0.12527934340145563  2.5832790934038954 0.082743249149415554  2.5892566536859225 0.040987987277719552  2.5953068189318982 2.38e-15 
 -1.2889449893279112 6 -1.225942758247224 6
7 0 0  7 8 2  2.5953068189318982 2.1575459465626214  2.6649509961867364 1.9742969426980304  2.7414962753073269 1.8224342210913278  2.8251649714698033 1.6981045897109652  2.9158649208784482 1.5984444205250838  3.0129727104540507 1.5213786971347645  3.1150068104463813 1.4655179887465497  3.2200754334800119 1.4301178410777233 
 -1.0274099780729591 8 -0.23316463508949803 8
7 0 0  6 7 2  2.5438512591235014 3.7955847346043394  2.5499733224562799 2.9362413604027378  2.556878167143708 2.1880724415830599  2.5646894453299183 1.53316218267625  2.5735560495832033 0.95744710376264663  2.5836595954875472 0.4495166036284538  2.5952242907697913 1.3899999999999999e-15 
 -3.5401122993629945 7 -2.8943412839692035 7
7 0 0  5 6 2  2.1170821614527902 1.3899999999999999e-15  2.1231323266987663 0.040987987277720697  2.1291098869807996 0.082743249149419107  2.1350153535973746 0.12527934340146207  2.1408492834130066 0.16861033518784313  2.1466122705317492 0.21275082495980494 
 1.2259427582472235 6 1.2889449893279141 6
7 0 0  6 7 2  2.1171646896149001 -5.9999999999999999e-16  2.1287293848971443 0.44951660362845214  2.1388329308014278 0.95744710376258979  2.1476995350548407 1.5331621826763637  2.1555108132409089 2.1880724415829889  2.1624156579284102 2.9362413604027378  2.1685377212611887 3.7955847346043399 
 2.8943412839692386 7 3.5401122993630296 7
7 0 0  7 8 2  1.49231354690467 1.4301178410777227  1.5973821699383015 1.4655179887465482  1.6994162699299409 1.5213786971344234  1.7965240595081013 1.5984444205262207  1.8872240089133356 1.6981045897102831  1.9708927050780858 1.8224342210915552  2.0474379841979524 1.9742969426980297  2.117082161452791 2.1575459465626228 
 0.23316463508949006 8 1.0274099780729586 8
7 0 0  5 6 2  0.99498038305804581 0.21275082495980244  1.0007433701767883 0.16861033518784077  1.0065772999924256 0.12527934340146363  1.0124827666089988 0.08274324914941289  1.0184603268910286 0.040987987277719198  1.0245104921370047 0 
 -1.2889449893279079 6 -1.2259427582472173 6
7 0 0  7 8 2  1.0245104921370045 2.157545946562621  1.0941546693918429 1.9742969426980301  1.1706999485118672 1.8224342210909299  1.2543686446757647 1.6981045897123295  1.3450685940827043 1.5984444205246291  1.442176383659671 1.5213786971349919  1.5442104836514894 1.465517988746553  1.6492791066851198 1.4301178410777273 
 -1.0274099780729544 8 -0.23316463508949367 8
7 0 0  6 7 2  0.97305493232860607 3.7955847346043381  0.97917699566138483 2.936241360402736  0.98608184034885227 2.1880724415830315  0.99389311853489914 1.5331621826763069  1.0027597227883263 0.95744710376263242  1.0128632686926529 0.44951660362845258  1.0244279639748974 2e-16 
 -3.5401122993629728 7 -2.8943412839691813 7
7 0 0  6 7 2  0.54636836282000312 1.19e-15  0.55793305810224714 0.44951660362845391  0.56803660400657208 0.95744710376266084  0.57690320825990682 1.53316218267625  0.58471448644606738 2.1880724415830457  0.59161933113351317 2.9362413604027382  0.5977413944662916 3.7955847346043403 
 2.8943412839692333 7 3.5401122993630243 7
1 0 3.4567317794103425 1 0 
1 6.2831853071795862 0 0 1 
1 0 0 0 1 
1 0 0 1 0 
1 6.2831853071795862 0 0 1 
1 0 0 0 1 
1 0 1.5707963267948966 1 0 
1 0 3.1415926535898464 1 0 
1 0 0 1 0 
1 6.2831853071795862 4.4e-16 0 1 
1 0 4.4e-16 0 1 
1 0 11.149999999999988 1 0 
1 0 0 1 0 
1 6.2831853071795862 0 0 1 
1 0 0 0 1 
1 0 0.84852813742385691 1 0 
1 6.2831853071795862 0 0 1 
1 0 0 0 1 
Curves 73
2 0 3.8999999999999999 -1.7299999999999999e-15 0 -1 4.4e-16 1 0 0 -0 4.4e-16 1 4.1506286252401861
1 0.5181066296245147 1.7241876414352841 3.899999999999995 -0.9558905960418661 -0.29372294496468287 2e-16 
1 -0.023535289560913969 1.5722173729755546 3.899999999999995 -0.95589059604186577 0.2937229449646836 -2e-16 
1 -0.70022318822887841 1.5879401822047661 3.8999999999999968 -0.71758644559759421 0.69646944878767736 -4.5999999999999998e-16 
2 0 -0 3.8999999999999995 -1.1100000000000001e-15 2.8000000000000001e-16 1 0 1 -2.8000000000000001e-16 -1 -3.1080000000000003e-31 -1.1100000000000001e-15 3.1000000000000005
1 -4.7897213800075029 3.9990825901908242 3.8999999999999959 0.69646944878767725 -0.71758644559759432 4.8000000000000001e-16 
1 -1.7241876414352713 0.51810662962452381 3.8999999999999995 0.29372294496468326 -0.95589059604186588 6.4000000000000005e-16 
1 -1.5722173729755391 -0.023535289560914909 3.8999999999999986 -0.29372294496468321 -0.95589059604186588 6.4000000000000005e-16 
1 -1.5879401822047567 -0.70022318822888563 3.8999999999999986 -0.69646944878767725 -0.71758644559759432 4.8000000000000001e-16 
2 0 -0 3.8999999999999995 -1.1100000000000001e-15 2.8000000000000001e-16 1 0 1 -2.8000000000000001e-16 -1 -3.1080000000000003e-31 -1.1100000000000001e-15 3.1000000000000005
1 -3.9990825901908238 -4.7897213800075047 3.9000000000000012 0.71758644559759432 0.69646944878767714 -4.5999999999999998e-16 
1 -0.51810662962453014 -1.7241876414352748 3.9000000000000012 0.95589059604186599 0.29372294496468304 -2e-16 
1 0.023535289560902891 -1.5722173729755402 3.8999999999999995 0.95589059604186588 -0.29372294496468349 2e-16 
1 0.70022318822887286 -1.5879401822047527 3.9000000000000012 0.71758644559759432 -0.69646944878767725 4.5999999999999998e-16 
2 0 -0 3.8999999999999995 -1.1100000000000001e-15 2.8000000000000001e-16 1 0 1 -2.8000000000000001e-16 -1 -3.1080000000000003e-31 -1.1100000000000001e-15 3.1000000000000005
1 4.78972138000751 -3.9990825901908154 3.9000000000000004 -0.69646944878767725 0.71758644559759432 -4.8000000000000001e-16 
1 1.7241876414352846 -0.51810662962451914 3.8999999999999968 -0.29372294496468299 0.95589059604186599 -6.4000000000000005e-16 
1 1.572217372975552 0.023535289560906891 3.8999999999999977 0.29372294496468349 0.95589059604186588 -6.4000000000000005e-16 
1 1.5879401822047607 0.70022318822887208 3.8999999999999941 0.69646944878767714 0.71758644559759432 -4.8000000000000001e-16 
2 0 -0 3.8999999999999995 -1.1100000000000001e-15 2.8000000000000001e-16 1 0 1 -2.8000000000000001e-16 -1 -3.1080000000000003e-31 -1.1100000000000001e-15 3.1000000000000005
1 3.9990825901908145 4.7897213800075091 3.8999999999999968 -0.71758644559759432 -0.69646944878767714 4.5999999999999998e-16 
2 0 3.443577871373829 -1.53e-15 0 -1 4.4e-16 1 0 0 -0 4.4e-16 1 4.6487259742860587
2 4.1506286252401861 3.3999999999999999 0 0 0 1 1 0 -0 -0 1 0 0.5
1 2.8709999999999998e-14 3.297621021331075 -17.206818295175104 -1.6e-15 -0.10018806161207629 0.99496851825091182 
5 -0.3438987047114192 1.1191823569117234 -3.3778449023116544 -0.29237170472273694 0.951493126036841 -0.095810319810347294 -0.028141689292704001 0.091584183710474457 0.9953996095126012 0.95589059604186588 0.29372294496468326 6.9735883734267645e-16 0.62541683027991335 1.1692924760562395
5 -0.2738179213934549 0.89111177922858498 -5.8566720837035149 -0.29237170472273694 0.951493126036841 -0.095810319810347294 -0.028141689292704001 0.091584183710474457 0.9953996095126012 0.95589059604186588 0.29372294496468326 6.9735883734267645e-16 1.8784094972410301 0.91469497158148894
1 -0.98999999999997246 3.5987715004146938 -17.176494036467929 -1.6e-15 -0.10018806161207629 0.99496851825091182 
1 0.99000000000002986 3.5987715004146921 -17.176494036467929 -1.6e-15 -0.10018806161207629 0.99496851825091182 
5 0.27381792139346633 0.89111177922858753 -5.8566720837035149 0.29237170472273716 0.951493126036841 -0.095810319810346545 0.028141689292702183 0.091584183710474248 0.99539960951260142 0.95589059604186599 -0.29372294496468337 9.9573127521068727e-16 1.8784094972410361 0.91469497158149204
5 0.34389870471142631 1.1191823569117261 -3.3778449023116526 0.29237170472273716 0.951493126036841 -0.095810319810346545 0.028141689292702183 0.091584183710474248 0.99539960951260142 0.95589059604186599 -0.29372294496468337 9.9573127521068727e-16 0.62541683027991501 1.1692924760562429
5 0.14408320175901884 0.14845181335741409 -6.1575041592372415 0.6946583704589977 0.71572045526185424 -0.072069260236347077 0.050194037951343612 0.051715924289848995 0.99739962990217013 0.71758644559759432 -0.69646944878767725 9.6450625264310455e-16 0.41601196673137619 0.20469247446085836
5 -0.8911117792285832 -0.27381792139346312 -5.8566720837035167 -0.951493126036841 -0.29237170472273688 -0.095810319810347197 -0.09158418371047479 -0.028141689292702582 0.9953996095126012 -0.29372294496468315 0.95589059604186599 -7.4593109467002715e-16 1.8784094972410315 0.9146949715814896
5 -0.14845181335740437 -0.14408320175900935 -6.1575041592372433 -0.71572045526185424 -0.69465837045899748 -0.072069260236348312 -0.051715924289849904 -0.050194037951344472 0.99739962990217002 -0.69646944878767714 0.71758644559759444 -9.6450625264310455e-16 0.41601196673135576 0.20469247446084829
2 2.6599999999999998e-15 1.2999999999999999e-16 -2.3967992013695256 2.2e-16 -8.2999999999999998e-16 -1 -3.2999999999999999e-16 1 -8.3000000000000008e-16 1 3.3000000000000019e-16 2.1999999999999973e-16 1.9050000000000005
1 17.176494036467922 0.98999999999997845 3.5987715004147076 -0.99496851825091159 1.3299999999999999e-15 -0.10018806161207718 
1 17.206818295175097 -2.2919999999999999e-14 3.2976210213310901 -0.99496851825091159 1.3299999999999999e-15 -0.10018806161207718 
5 -1.119182356911723 -0.34389870471142397 -3.3778449023116544 -0.951493126036841 -0.29237170472273688 -0.095810319810347197 -0.09158418371047479 -0.028141689292702582 0.9953996095126012 -0.29372294496468315 0.95589059604186599 -7.4593109467002715e-16 0.6254168302799139 1.1692924760562406
1 17.176494036467922 -0.99000000000002386 3.5987715004147089 -0.99496851825091159 1.3299999999999999e-15 -0.10018806161207718 
5 -0.8911117792285872 0.2738179213934589 -5.8566720837035149 -0.951493126036841 0.29237170472273721 -0.095810319810347058 -0.091584183710474387 0.028141689292703484 0.99539960951260131 0.29372294496468349 0.95589059604186577 -1.9775847626135596e-16 1.8784094972410406 0.91469497158149415
5 -1.1191823569117254 0.34389870471142187 -3.3778449023116579 -0.951493126036841 0.29237170472273721 -0.095810319810347058 -0.091584183710474387 0.028141689292703484 0.99539960951260131 0.29372294496468349 0.95589059604186577 -1.9775847626135596e-16 0.62541683027991568 1.1692924760562438
5 -0.14845181335741306 0.14408320175901174 -6.1575041592372415 -0.71572045526185413 0.6946583704589977 -0.072069260236347993 -0.051715924289849148 0.050194037951344771 0.9973996299021699 0.69646944878767725 0.71758644559759421 2.4286128663675294e-16 0.4160119667313803 0.20469247446086045
5 0.273817921393464 -0.89111177922858686 -5.8566720837035149 0.29237170472273682 -0.95149312603684111 -0.095810319810345976 0.028141689292702259 -0.091584183710473624 0.99539960951260131 -0.95589059604186599 -0.29372294496468304 -7.0429773124658378e-16 1.8784094972410224 0.91469497158148505
5 0.14408320175901196 -0.14845181335741317 -6.1575041592372433 0.69465837045899748 -0.71572045526185435 -0.072069260236347091 0.050194037951344118 -0.051715924289848551 0.99739962990217013 -0.71758644559759444 -0.69646944878767703 -2.7061686225238186e-16 0.41601196673135638 0.20469247446084857
2 2.6599999999999998e-15 1.2999999999999999e-16 -2.3967992013695256 2.2e-16 -8.2999999999999998e-16 -1 -3.2999999999999999e-16 1 -8.3000000000000008e-16 1 3.3000000000000019e-16 2.1999999999999973e-16 1.9050000000000005
1 -0.9900000000000061 -3.5987715004146876 17.176494036467911 3.2999999999999999e-16 0.10018806161207618 -0.9949685182509117 
1 -5.7299999999999996e-15 -3.2976210213310706 17.206818295175086 3.2999999999999999e-16 0.10018806161207618 -0.9949685182509117 
5 0.34389870471142403 -1.1191823569117236 -3.3778449023116544 0.29237170472273682 -0.95149312603684111 -0.095810319810345976 0.028141689292702259 -0.091584183710473624 0.99539960951260131 -0.95589059604186599 -0.29372294496468304 -7.0429773124658378e-16 0.6254168302799118 1.1692924760562364
1 0.98999999999999444 -3.5987715004146876 17.176494036467911 3.2999999999999999e-16 0.10018806161207618 -0.9949685182509117 
5 -0.27381792139345462 -0.89111177922858875 -5.8566720837035149 -0.29237170472273716 -0.951493126036841 -0.095810319810346156 -0.02814168929270397 -0.091584183710473277 0.99539960951260131 -0.95589059604186588 0.29372294496468354 -9.8879238130678024e-16 1.8784094972410263 0.91469497158148716
5 -0.34389870471141892 -1.1191823569117247 -3.3778449023116544 -0.29237170472273716 -0.951493126036841 -0.095810319810346156 -0.02814168929270397 -0.091584183710473277 0.99539960951260131 -0.95589059604186588 0.29372294496468354 -9.8879238130678024e-16 0.62541683027991257 1.169292476056238
5 -0.14408320175900466 -0.14845181335741689 -6.1575041592372424 -0.69465837045899759 -0.71572045526185413 -0.072069260236347563 -0.050194037951345367 -0.051715924289848003 0.99739962990217013 -0.71758644559759421 0.69646944878767725 -9.8532293435482623e-16 0.41601196673136681 0.20469247446085378
5 0.89111177922859097 0.27381792139345662 -5.8566720837035131 0.95149312603684111 0.29237170472273694 -0.095810319810346184 0.091584183710473374 0.028141689292703723 0.99539960951260131 0.29372294496468326 -0.95589059604186588 7.4940054162198066e-16 1.8784094972410261 0.91469497158148672
5 0.14845181335741411 0.14408320175900205 -6.1575041592372441 0.71572045526185424 0.69465837045899759 -0.072069260236347965 0.051715924289848274 0.050194037951345624 0.9973996299021699 0.69646944878767725 -0.71758644559759432 9.8532293435482643e-16 0.41601196673135249 0.20469247446084665
2 2.6599999999999998e-15 1.2999999999999999e-16 -2.3967992013695256 2.2e-16 -8.2999999999999998e-16 -1 -3.2999999999999999e-16 1 -8.3000000000000008e-16 1 3.3000000000000019e-16 2.1999999999999973e-16 1.9050000000000005
1 -17.176494036467929 -0.98999999999997867 3.5987715004146965 0.99496851825091182 -1.2e-15 -0.1001880616120764 
1 -17.206818295175104 2.2400000000000001e-14 3.2976210213310773 0.99496851825091182 -1.2e-15 -0.1001880616120764 
5 1.119182356911727 0.34389870471142031 -3.3778449023116526 0.95149312603684111 0.29237170472273694 -0.095810319810346184 0.091584183710473374 0.028141689292703723 0.99539960951260131 0.29372294496468326 -0.95589059604186588 7.4940054162198066e-16 0.62541683027991302 1.1692924760562389
1 -17.176494036467929 0.99000000000002364 3.5987715004146934 0.99496851825091182 -1.2e-15 -0.1001880616120764 
5 0.89111177922859519 -0.27381792139346395 -5.8566720837035131 0.95149312603684111 -0.2923717047227371 -0.095810319810345518 0.091584183710473041 -0.028141689292702617 0.99539960951260142 -0.29372294496468332 -0.95589059604186588 2.2204460492503131e-16 1.8784094972410348 0.91469497158149127
5 1.1191823569117305 -0.34389870471142492 -3.3778449023116544 0.95149312603684111 -0.2923717047227371 -0.095810319810345518 0.091584183710473041 -0.028141689292702617 0.99539960951260142 -0.29372294496468332 -0.95589059604186588 2.2204460492503131e-16 0.62541683027991501 1.1692924760562426
5 0.1484518133574225 -0.14408320175901634 -6.1575041592372415 0.71572045526185424 -0.69465837045899759 -0.072069260236346425 0.051715924289847677 -0.050194037951344063 0.99739962990217013 -0.69646944878767725 -0.71758644559759432 -2.8449465006019636e-16 0.4160119667313758 0.2046924744608582
5 -0.1440832017590005 0.14845181335740637 -6.1575041592372433 -0.69465837045899759 0.71572045526185402 -0.072069260236348909 -0.050194037951345784 0.051715924289849446 0.9973996299021699 0.71758644559759421 0.69646944878767725 2.7755575615628909e-16 0.41601196673135471 0.20469247446084776
2 2.6599999999999998e-15 1.2999999999999999e-16 -2.3967992013695256 2.2e-16 -8.2999999999999998e-16 -1 -3.2999999999999999e-16 1 -8.3000000000000008e-16 1 3.3000000000000019e-16 2.1999999999999973e-16 1.9050000000000005
2 0 0 0 0 -1 4.4e-16 1 0 0 -0 4.4e-16 1 4.9500000000000002
1 4.6487259742860596 3.443577871373829 0 0.087155742747657625 -0.99619469809174566 0 
1 3.7899999999999997e-15 2.6500000000000001e-15 -3.4097056686846461 -1.4000000000000001e-15 0.88294759285892721 0.46947156278589025 
2 0 0 -0 0 -1 4.4e-16 1 0 0 -0 4.4e-16 1 3.2500000000000013
2 0 -0.25000000000001327 1.1e-16 0 -1 4.4e-16 1 0 0 -0 4.4e-16 1 3.0000000000000009
2 3.2500000000000013 -0.25 0 0 0 1 1 0 -0 -0 1 0 0.25
2 0 -11.4 5.0600000000000002e-15 0 -1 4.4e-16 1 0 0 -0 4.4e-16 1 3
1 3 -0.25000000000001327 0 0 -1 0 
2 0 -12 5.3300000000000002e-15 0 -1 4.4e-16 1 0 0 -0 4.4e-16 1 2.3999999999999999
1 3 -11.4 0 -0.70710678118654779 -0.70710678118654735 0 
Polygon3D 0
PolygonOnTriangulations 0
Surfaces 29
1 0 3.8999999999999999 -1.7299999999999999e-15 0 -1 4.4e-16 -1 0 0 0 4.4e-16 1 
5 0 3.3999999999999999 -1.5100000000000001e-15 0 1 -4.4e-16 1 0 0 -0 4.4e-16 1 4.1506286252401861 0.5
3 2.6599999999999998e-15 1.2999999999999999e-16 -2.3967992013695256 -1.1100000000000001e-15 -6.0000000000000001e-17 1 -3.2999999999999999e-16 1 5.9999999999999631e-17 1 3.2999999999999994e-16 1.1100000000000001e-15 1.9050000000000007
0.46251225177849814
3 2.6599999999999998e-15 1.2999999999999999e-16 -2.3967992013695256 -1.1100000000000001e-15 -6.0000000000000001e-17 1 -3.2999999999999999e-16 1 5.9999999999999631e-17 1 3.2999999999999994e-16 1.1100000000000001e-15 1.9050000000000007
0.46251225177849814
3 2.6599999999999998e-15 1.2999999999999999e-16 -2.3967992013695256 -1.1100000000000001e-15 -6.0000000000000001e-17 1 -3.2999999999999999e-16 1 5.9999999999999631e-17 1 3.2999999999999994e-16 1.1100000000000001e-15 1.9050000000000007
0.46251225177849814
3 2.6599999999999998e-15 1.2999999999999999e-16 -2.3967992013695256 -1.1100000000000001e-15 -6.0000000000000001e-17 1 -3.2999999999999999e-16 1 5.9999999999999631e-17 1 3.2999999999999994e-16 1.1100000000000001e-15 1.9050000000000007
0.46251225177849814
3 0 3.443577871373829 -1.53e-15 0 -1 4.4e-16 1 0 0 -0 4.4e-16 1 4.6487259742860596
0.087266462599715933
1 -0.98999999999997235 3.5987715004146938 -17.176494036467929 0.29237170472273732 0.95149312603684111 0.09581031981034567 0.95630475596303521 -0.29090064182647513 -0.029292154366387727 1.4363510381087963e-15 0.10018806161207533 -0.99496851825091182 
3 3.7899999999999997e-15 1.9000000000000001e-16 -3.4097056686846434 -1.1100000000000001e-15 -6.0000000000000001e-17 1 -3.2999999999999999e-16 1 5.9999999999999631e-17 1 3.2999999999999994e-16 1.1100000000000001e-15 1.9000000000000001e-16
1.0821041362364845
1 2.8709999999999998e-14 3.297621021331075 -17.206818295175104 -0.29237170472273671 0.95149312603684133 0.095810319810344977 0.95630475596303566 0.2909006418264744 0.029292154366390332 1.3183898417423732e-15 0.10018806161207543 -0.99496851825091182 
1 0.99000000000002986 3.5987715004146921 -17.176494036467929 -0.69465837045899714 0.71572045526185479 0.072069260236346022 0.7193398003386513 0.69116320954618127 0.069596475618890763 1.1796119636642288e-15 0.10018806161207543 -0.99496851825091193 
1 16.535038311182021 7.6199999999999877 9.9690739320803434 -0.07206926023634895 -0.69465837045899714 0.71572045526185457 0.069596475618890555 -0.7193398003386513 -0.69116320954618116 0.99496851825091159 -9.9920072216264089e-16 0.10018806161207738 
1 17.176494036467922 0.98999999999997834 3.5987715004147076 -0.095810319810347655 -0.29237170472273655 0.95149312603684111 0.029292154366388688 -0.95630475596303566 -0.2909006418264744 0.9949685182509117 -1.0304257447302234e-15 0.10018806161207752 
1 17.206818295175097 -2.2919999999999999e-14 3.2976210213310901 -0.095810319810347197 0.29237170472273738 0.95149312603684089 -0.029292154366390641 -0.95630475596303521 0.2909006418264749 0.99496851825091159 -9.055256544598933e-16 0.10018806161207765 
1 17.176494036467922 -0.99000000000002386 3.5987715004147089 -0.072069260236347743 0.69465837045899792 0.71572045526185368 -0.069596475618892095 -0.71933980033865041 0.69116320954618193 0.99496851825091159 -8.1878948066105305e-16 0.10018806161207759 
1 -7.6200000000000072 -9.9690739320803274 16.53503831118201 0.69465837045899748 -0.71572045526185424 -0.072069260236347091 0.71933980033865097 0.69116320954618171 0.069596475618890416 -1.2490009027033011e-16 -0.10018806161207597 0.99496851825091182 
1 -0.99000000000000599 -3.5987715004146876 17.176494036467911 0.29237170472273677 -0.95149312603684111 -0.095810319810345962 0.95630475596303544 0.29090064182647446 0.02929215436638935 -8.6736173798840355e-17 -0.10018806161207608 0.9949685182509117 
1 -5.7299999999999996e-15 -3.2976210213310706 17.206818295175086 -0.29237170472273721 -0.95149312603684111 -0.095810319810346156 0.95630475596303555 -0.29090064182647496 -0.029292154366389139 -2.1857515797307764e-16 -0.1001880616120762 0.99496851825091182 
1 0.98999999999999444 -3.5987715004146876 17.176494036467911 -0.69465837045899759 -0.71572045526185413 -0.072069260236347563 0.71933980033865097 -0.69116320954618182 -0.069596475618890249 -3.4000580129145419e-16 -0.10018806161207619 0.99496851825091182 
1 -16.535038311182042 -7.6199999999999806 9.9690739320803488 0.072069260236347341 0.69465837045899836 0.71572045526185335 -0.069596475618889236 0.71933980033865019 -0.69116320954618271 -0.99496851825091193 1.0269562977782698e-15 0.10018806161207533 
1 -17.176494036467929 -0.98999999999997856 3.5987715004146965 0.095810319810345629 0.29237170472273766 0.95149312603684089 -0.029292154366388171 0.95630475596303532 -0.29090064182647557 -0.99496851825091193 1.0512424264419451e-15 0.10018806161207544 
1 -17.206818295175104 2.2400000000000001e-14 3.2976210213310773 0.095810319810345254 -0.29237170472273638 0.95149312603684144 0.029292154366389954 0.95630475596303577 0.29090064182647402 -0.99496851825091182 9.1940344226770756e-16 0.10018806161207558 
1 -17.176494036467929 0.99000000000002364 3.5987715004146934 0.072069260236346369 -0.69465837045899681 0.71572045526185502 0.069596475618890513 0.71933980033865164 0.69116320954618093 -0.99496851825091182 7.9797279894933126e-16 0.10018806161207551 
1 -7.6199999999999761 9.9690739320803452 -16.535038311182042 0.69465837045899803 0.71572045526185368 0.072069260236347535 0.71933980033865053 -0.69116320954618238 -0.069596475618888848 1.3947176746853529e-15 0.10018806161207519 -0.99496851825091182 
1 0 0 -0 0 -1 4.4e-16 1 0 0 -0 4.4e-16 1 
5 0 -0.25 1.1e-16 0 1 -4.4e-16 1 0 0 -0 4.4e-16 1 3.2500000000000013 0.25
2 0 -0.25000000000001327 1.1e-16 0 -1 4.4e-16 1 0 0 -0 4.4e-16 1 3
3 0 -11.4 5.0600000000000002e-15 0 -1 4.4e-16 1 0 0 -0 4.4e-16 1 3
-0.7853981633974485
1 0 -12 5.3300000000000002e-15 0 -1 4.4e-16 -1 0 0 0 4.4e-16 1 
Triangulations 0

TShapes 184
Ve
1e-07
4.15062862524019 3e-15 3.9
0 0

0101101
*
Ed
 1e-07 1 1 0
1  1 0 0 6.28318530717959
2  1 2 0 0 6.28318530717959
4 G1 1 0 2 0
0

0101000
+184 4 -184 4 *
Wi

0101100
-183 2 *
Ve
1.50000014e-07
0.990000000000001 1.8691894973275 3.9
0 0

0101101
*
Ve
1.50000015e-07
0 1.56498552595346 3.9
0 0

0101101
*
Ed
 1.5e-07 1 1 0
1  2 0 -0.493668807214441 0.542014569208953
0

0101000
+181 5 -180 5 *
Ve
1.50000012e-07
-0.990000000000001 1.8691894973275 3.9
0 0

0101101
*
Ed
 1.5e-07 1 1 0
1  3 0 -0.024621321371265 1.01106205505212
0

0101000
+180 5 -178 5 *
Ve
1.50000004e-07
-1.72083189383969 2.57851460983725 3.9
0 0

0101101
*
Ed
 1.5e-07 1 1 0
1  4 0 0.403821467850885 1.42227979900158
0

0101000
+178 5 -176 5 *
Ve
1.50000005e-07
-2.57851460983724 1.72083189383969 3.9
0 0

0101101
*
Ed
 1e-07 1 1 0
1  5 0 0.588491675737684 0.982304651057211
2  2 3 17 0.588491675737684 0.982304651057211
0

0101000
+176 5 -174 5 *
Ve
1.50000008e-07
-1.8691894973275 0.99 3.9
0 0

0101101
*
Ed
 1.5e-07 1 1 0
1  6 0 3.17487977975091 4.19333811090162
0

0101000
+174 5 -172 5 *
Ve
1.50000008e-07
-1.56498552595346 -1e-15 3.9
0 0

0101101
*
Ed
 1.5e-07 1 1 0
1  7 0 -0.493668807214432 0.542014569208962
0

0101000
+172 5 -170 5 *
Ve
1.50000008e-07
-1.8691894973275 -0.990000000000001 3.9
0 0

0101101
*
Ed
 1.5e-07 1 1 0
1  8 0 -0.024621321371262 1.01106205505213
0

0101000
+170 5 -168 5 *
Ve
1.50000012e-07
-2.57851460983725 -1.72083189383969 3.9
0 0

0101101
*
Ed
 1.5e-07 1 1 0
1  9 0 0.403821467850882 1.42227979900159
0

0101000
+168 5 -166 5 *
Ve
1.50000002e-07
-1.72083189383969 -2.57851460983724 3.9
0 0

0101101
*
Ed
 1e-07 1 1 0
1  10 0 2.15928800253258 2.55310097785211
2  3 4 17 2.15928800253258 2.55310097785211
0

0101000
+166 5 -164 5 *
Ve
1.50000006e-07
-0.99 -1.8691894973275 3.9
0 0

0101101
*
Ed
 1.5e-07 1 1 0
1  11 0 3.17487977975092 4.19333811090162
0

0101000
+164 5 -162 5 *
Ve
1.50000006e-07
0 -1.56498552595345 3.9
0 0

0101101
*
Ed
 1.5e-07 1 1 0
1  12 0 -0.493668807214426 0.542014569208968
0

0101000
+162 5 -160 5 *
Ve
1.50000004e-07
0.99 -1.8691894973275 3.9
0 0

0101101
*
Ed
 1.5e-07 1 1 0
1  13 0 -0.024621321371253 1.01106205505213
0

0101000
+160 5 -158 5 *
Ve
1.50000001e-07
1.72083189383969 -2.57851460983724 3.9
0 0

0101101
*
Ed
 1.5e-07 1 1 0
1  14 0 0.403821467850894 1.4222797990016
0

0101000
+158 5 -156 5 *
Ve
1.5000001e-07
2.57851460983724 -1.72083189383969 3.9
0 0

0101101
*
Ed
 1e-07 1 1 0
1  15 0 3.73008432932748 4.123897304647
2  4 5 17 3.73008432932748 4.123897304647
0

0101000
+156 5 -154 5 *
Ve
1.50000014e-07
1.8691894973275 -0.990000000000001 3.9
0 0

0101101
*
Ed
 1.5e-07 1 1 0
1  16 0 3.17487977975092 4.19333811090161
0

0101000
+154 5 -152 5 *
Ve
1.50000013e-07
1.56498552595346 -0 3.9
0 0

0101101
*
Ed
 1.5e-07 1 1 0
1  17 0 -0.493668807214437 0.542014569208959
0

0101000
+152 5 -150 5 *
Ve
1.50000012e-07
1.8691894973275 0.990000000000001 3.9
0 0

0101101
*
Ed
 1.5e-07 1 1 0
1  18 0 -0.024621321371257 1.01106205505213
0

0101000
+150 5 -148 5 *
Ve
1.50000005e-07
2.57851460983724 1.72083189383968 3.9
0 0

0101101
*
Ed
 1.5e-07 1 1 0
1  19 0 0.403821467850894 1.42227979900159
0

0101000
+148 5 -146 5 *
Ve
1.5000001e-07
1.72083189383969 2.57851460983724 3.9
0 0

0101101
*
Ed
 1e-07 1 1 0
1  20 0 5.30088065612237 5.6946936314419
2  5 6 17 5.30088065612237 5.6946936314419
0

0101000
+146 5 -144 5 *
Ed
 1.5e-07 1 1 0
1  21 0 3.17487977975091 4.19333811090162
0

0101000
+144 5 -181 5 *
Wi

0101100
-179 0 -177 0 -175 0 -173 0 -171 0 -169 0 -167 0 -165 0 -163 0 -161 0 
-159 0 -157 0 -155 0 -153 0 -151 0 -149 0 -147 0 -145 0 -143 0 -142 0 
*
Fa
0  1e-07 1 2

0101000
+182 0 +141 0 *
Ve
1e-07
4.64872597428606 2e-15 3.44357787137383
0 0

0101101
*
Ed
 1e-07 1 1 0
1  22 0 0 6.28318530717959
2  6 2 0 0 6.28318530717959
2  7 7 0 0 6.28318530717959
4 G1 2 0 7 0
0

0101000
+139 4 -139 4 *
Ed
 1e-07 1 1 0
1  23 0 0.087266462599716 1.5707963267949
3  8 9CN 2 22 0.087266462599716 1.5707963267949
0

0101000
+139 23 -184 23 *
Wi

0101100
+138 0 -183 0 -137 21 +137 21 *
Fa
0  1e-07 2 0

0101000
+136 0 *
Ve
1.00000015e-07
3e-15 1.29075358460638 1.17660018620143
0 0

0101101
*
Ed
 1e-07 1 1 0
1  24 0 17.2938318947252 20.0310037387009
0

0101000
+180 27 -134 27 *
Ve
1.00000003e-07
0.989680292556311 1.62774626970104 1.50320079863048
0 0

0101101
*
Ed
 1e-07 1 1 0
1  25 0 0.31880570601344 1.02740997807296
2  10 9 29 0.31880570601344 1.02740997807296
0

0101000
+134 30 -132 30 *
Ve
