<?xml version='1.0' encoding='utf-8'?>
<!-- FreeCAD DocumentObject -->
<Document SchemaVersion="4" FileVersion="2">
<Object name="Pocket001">
  <Properties Count="35" TransientCount="2">
    <_Property name="_Body" type="App::PropertyLinkHidden" status="251658241"/>
    <_Property name="_ElementMapVersion" type="App::PropertyString" status="234881024"/>
    <Property name="AddSubShape" type="Part::PropertyPartShape">
      <Part HasherIndex="0" ElementMap="1.15.70200.3.0" brep="1">
<![CDATA[

CASCADE Topology V1, (c) Matra-Datavision
Locations 13
1
              1               0               0               0 
              0               1               0               0 
              0               0               1               0 
1
              1               0               0               0 
              0 0.994968518250912 -0.100188061612076               0 
              0 0.100188061612076 0.994968518250912 -2.39970566868464 
1
             -0               0               1               0 
              1              -0               0               0 
              0               1              -0               0 
1
              1               0               0 -1.98755644991389 
              0               1               0 19.7384405296498 
              0               0               1          -4e-15 
2  1 1 2 1 3 -1 4 1 0
1
              1               0               0 3.97511289982777 
              0               1               0 -39.4768810592997 
              0               0               1           9e-15 
2  1 1 2 1 3 -1 4 1 6 1 0
2  4 -1 3 1 2 -1 1 -1 0
2  6 -1 4 -1 3 1 2 -1 1 -1 0
2  2 -1 1 -1 0
2  3 -1 4 1 0
2  1 1 2 1 0
2  3 -1 4 1 6 1 0
Curve2ds 25
1 0 0 2.9999999999999999e-16 -1 
1 15.240000000000004 -2.0000000000000001e-17 -2e-16 -1 
1 -1.1e-16 -0 2.5999999999999998e-16 -1 
1 9.2167846084405838 1.6800000000000001e-15 2.9999999999999999e-16 -1 
1 0 0 1 -2.0000000000000001e-17 
1 1.1270000000000001e-14 -39.676512708861793 1 -2.0000000000000001e-17 
1 -2.0305531479650978 7.6200000000000001 0.69465837045899748 -0.71933980033865097 
1 1.0352348389222767 -4.5999999999999998e-16 2.5999999999999998e-16 -1 
1 0 0 1.2e-16 -1 
1 0 0 1 0 
1 1.027e-14 -39.676512708861793 1 0 
1 4.371963429005806 0.98999999999999999 0.29237170472273694 -0.95630475596303544 
1 1.0352348389222765 4.1000000000000001e-16 1.2e-16 -1 
1 0 0 -1.0000000000000001e-17 -1 
1 0 0 1 -1.0000000000000001e-17 
1 4.6399999999999997e-15 -39.676512708861793 1 -1.0000000000000001e-17 
1 4.6746368036498804 0 -0.29237170472273694 -0.95630475596303544 
1 9.2167846084405873 -1.8500000000000001e-15 -1.0000000000000001e-17 -1 
1 0 0 -2e-16 -1 
1 0 0 1 2.0000000000000001e-17 
1 -2.7e-16 -39.676512708861793 1 2.0000000000000001e-17 
1 4.371963429005806 -0.98999999999999999 -0.69465837045899748 -0.71933980033865097 
1 0 0 1 0 
1 -8.0000000000000006e-15 -39.676512708861793 1 0 
1 -2.0305531479650978 -7.6200000000000001 0 1 
Curves 10
1 -9.9690739320803292 16.53503831118201 -7.6200000000000054 0.10018806161207629 -0.9949685182509117 2.2e-16 
1 -3.5987715004146894 17.176494036467911 -0.99000000000000421 0.10018806161207629 -0.9949685182509117 2.2e-16 
1 -7.6200000000000001 -8.0218794220719847 0 0.71933980033865097 0.69465837045899748 0 
1 -3.2976210213310724 17.206818295175086 -3.8199999999999998e-15 0.10018806161207629 -0.9949685182509117 2.2e-16 
1 -0.98999999999999999 -1.6193628451010804 0 0.95630475596303544 0.29237170472273694 0 
1 -3.5987715004146894 17.176494036467911 0.98999999999999633 0.10018806161207629 -0.9949685182509117 2.2e-16 
1 0 -1.3166894704570065 0 0.95630475596303544 -0.29237170472273694 0 
1 -9.969073932080331 16.53503831118201 7.6199999999999983 0.10018806161207629 -0.9949685182509117 2.2e-16 
1 0.98999999999999999 -1.6193628451010804 0 0.71933980033865097 -0.69465837045899748 0 
1 7.6200000000000001 -8.0218794220719847 0 -1 0 0 
Polygon3D 0
PolygonOnTriangulations 0
Surfaces 6
1 -9.9690739320803292 16.53503831118201 -7.6200000000000054 -0.71572045526185435 -0.072069260236347271 0.69465837045899759 0.6911632095461816 0.06959647561889043 0.71933980033865097 -0.10018806161207608 0.9949685182509117 -2.0816681711721682e-17 
1 -9.9690739320803328 16.53503831118201 7.6199999999999983 0.9949685182509117 0.10018806161207629 2.2e-16 2.211013565069093e-16 1.1090076876509421e-19 -1 -0.10018806161207629 0.9949685182509117 -2.2041373554656783e-17 
1 -3.5987715004146894 17.176494036467911 -0.9900000000000041 -0.95149312603684111 -0.095810319810346101 0.29237170472273677 0.29090064182647446 0.029292154366389281 0.95630475596303544 -0.1001880616120762 0.9949685182509117 2.0816681711721685e-17 
1 0 -5.9611810253058843 -2.9999650345729121 -1.0000000000000001e-17 -0.10018806161207629 0.9949685182509117 0 0.9949685182509117 0.10018806161207629 -1 1.0018806161207629e-18 -9.9496851825091179e-18 
1 -3.2976210213310724 17.206818295175086 -3.8199999999999998e-15 -0.95149312603684111 -0.095810319810346239 -0.29237170472273721 -0.2909006418264749 -0.02929215436638927 0.95630475596303532 -0.10018806161207633 0.99496851825091182 -1.1449174941446927e-16 
1 -3.5987715004146894 17.176494036467911 0.98999999999999633 -0.71572045526185413 -0.072069260236347563 -0.69465837045899759 -0.69116320954618182 -0.069596475618890402 0.71933980033865097 -0.1001880616120763 0.99496851825091182 -2.2898349882893854e-16 
Triangulations 0

TShapes 29
Ve
1e-07
-7.62 -8.02187942207198 0
0 0

0101101
*
Ed
 1e-07 1 1 0
1  1 0 0 39.6765127088618
2  1 1 0 0 39.6765127088618
2  2 2 0 0 39.6765127088618
0

0101000
+29 5 -29 7 *
Ve
1e-07
-0.99 -1.61936284510108 0
0 0

0101101
*
Ed
 1e-07 1 1 0
1  2 0 0 39.6765127088618
2  3 3 0 0 39.6765127088618
2  4 1 0 0 39.6765127088618
0

0101000
+27 5 -27 7 *
Ed
 1e-07 1 1 0
1  3 0 0 9.21678460844058
2  5 1 8 0 9.21678460844058
2  6 1 9 0 9.21678460844058
2  7 4 10 0 9.21678460844058
0

0101000
+29 0 -27 0 *
Wi

0101100
+28 0 -26 0 -25 5 +25 7 *
Fa
0  1e-07 1 0

0111000
+24 0 *
Ve
1e-07
0 -1.31668947045701 0
0 0

0101101
*
Ed
 1e-07 1 1 0
1  4 0 0 39.6765127088618
2  8 3 0 0 39.6765127088618
2  9 5 0 0 39.6765127088618
0

0101000
+22 5 -22 7 *
Ed
 1e-07 1 1 0
1  5 0 0 1.03523483892228
2  10 3 8 0 1.03523483892228
2  11 3 9 0 1.03523483892228
2  12 4 10 0 1.03523483892228
0

0101000
+27 0 -22 0 *
Wi

0101100
+26 0 -21 0 -20 5 +20 7 *
Fa
0  1e-07 3 0

0111000
+19 0 *
Ve
1e-07
0.99 -1.61936284510108 0
0 0

0101101
*
Ed
 1e-07 1 1 0
1  6 0 0 39.6765127088618
2  13 5 0 0 39.6765127088618
2  14 6 0 0 39.6765127088618
0

0101000
+17 5 -17 7 *
Ed
 1e-07 1 1 0
1  7 0 0 1.03523483892228
2  15 5 8 0 1.03523483892228
2  16 5 9 0 1.03523483892228
2  17 4 10 0 1.03523483892228
0

0101000
+22 0 -17 0 *
Wi

0101100
+21 0 -16 0 -15 5 +15 7 *
Fa
0  1e-07 5 0

0111000
+14 0 *
Ve
1.00000001e-07
7.62 -8.02187942207198 0
0 0

0101101
*
Ed
 1.00000001e-07 1 1 0
1  8 0 0 39.6765127088618
2  18 6 0 0 39.6765127088618
2  19 2 0 0 39.6765127088618
0

0101000
+12 5 -12 7 *
Ed
 1e-07 1 1 0
1  9 0 0 9.21678460844058
2  20 6 8 0 9.21678460844058
2  21 6 9 0 9.21678460844058
2  22 4 10 0 9.21678460844058
0

0101000
+17 0 -12 0 *
Wi

0101100
+16 0 -11 0 -10 5 +10 7 *
Fa
0  1e-07 6 0

0111000
+9 0 *
Ed
 1e-07 1 1 0
1  10 0 0 15.24
2  23 2 8 0 15.24
2  24 2 9 0 15.24
2  25 4 10 0 15.24
0

0101000
+12 0 -29 0 *
Wi

0101100
+11 0 -28 0 -7 5 +7 7 *
Fa
0  1e-07 2 0

0111000
+6 0 *
Wi

0101100
+25 0 +20 0 +15 0 +10 0 +7 0 *
Fa
0  1e-07 4 0

0111000
-4 12 *
Sh

0101100
-23 0 -18 0 -13 0 -8 0 -5 0 +3 11 -3 13 *
So

0100000
+2 0 *

+1 0 ]]>
      </Part>
      <ElementMap count="37">
<![CDATA[
Edge1	#79;:G;XTR;:T1953:3:E 2 10 121
Edge10	#83;:U;XTR;:T1953:3:E 3 30 127 131
Edge11	#7a;:G;XTR;:T1953:3:E 2 18 122
Edge12	#1f;:T1953:3:E 1 31
Edge13	#84;:U;XTR;:T1953:3:E 3 31 128 132
Edge14	#20;:T1953:3:E 1 32
Edge15	#85;:U;XTR;:T1953:3:E 3 32 129 133
Edge2	#7b;:G;XTR;:T1953:3:E 2 12 123
Edge3	#1c;:T1953:3:E 1 28
Edge4	#86;:U;XTR;:T1953:3:E 3 28 120 134
Edge5	#7c;:G;XTR;:T1953:3:E 2 14 124
Edge6	#1d;:T1953:3:E 1 29
Edge7	#87;:U;XTR;:T1953:3:E 3 29 126 135
Edge8	#7d;:G;XTR;:T1953:3:E 2 15 125
Edge9	#1e;:T1953:3:E 1 30
Face1	#78;:G;XTR;:T1953:3:F 2 28 120
Face2	#7e;:G;XTR;:T1953:3:F 2 29 126
Face3	#7f;:G;XTR;:T1953:3:F 2 30 127
Face4	#80;:G;XTR;:T1953:3:F 2 31 128
Face5	#81;:G;XTR;:T1953:3:F 2 32 129
Face6	#78;FAC;:T1953:3:F 1 120
Face7	#82;:G0;XTR;:T1953:3:F 2 120 130
Vertex1	#14;:T1953:3:V 1 20
Vertex1	#a;:T1953:2:V 1 10
Vertex10	#88;:U;XTR;:T1953:3:V 3 18 122 136
Vertex2	#89;:U;XTR;:T1953:3:V 3 10 121 137
Vertex3	#c;:T1953:2:V 1 12
Vertex3	#d;:T1953:2:V 1 13
Vertex4	#8a;:U;XTR;:T1953:3:V 3 12 123 138
Vertex5	#10;:T1953:3:V 1 16
Vertex5	#e;:T1953:2:V 1 14
Vertex6	#8b;:U;XTR;:T1953:3:V 3 14 124 139
Vertex7	#11;:T1953:3:V 1 17
Vertex7	#f;:T1953:2:V 1 15
Vertex8	#8c;:U;XTR;:T1953:3:V 3 15 125 140
Vertex9	#12;:T1953:3:V 1 18
Vertex9	#13;:T1953:3:V 1 19
]]>
      </ElementMap>
    </Property>
    <Property name="AllowMultiFace" type="App::PropertyBool">
      <Bool value="true"/>
    </Property>
    <Property name="BaseFeature" type="App::PropertyLink" status="8">
      <Link value="Revolution001"/>
    </Property>
    <Property name="ClaimChildren" type="App::PropertyBool" status="134217728">
      <Bool value="false"/>
    </Property>
    <Property name="ColoredElements" type="App::PropertyLinkSubHidden" status="218103808">
      <LinkSub value="" count="0">
      </LinkSub>
    </Property>
    <Property name="ExpressionEngine" type="App::PropertyExpressionEngine" status="67108864">
      <ExpressionEngine count="0"></ExpressionEngine>
    </Property>
    <Property name="Fit" type="App::PropertyDistance">
      <Float value="0"/>
    </Property>
    <Property name="FitJoin" type="App::PropertyEnumeration">
      <Integer value="0"/>
    </Property>
    <Property name="InnerFit" type="App::PropertyDistance">
      <Float value="0"/>
    </Property>
    <Property name="InnerFitJoin" type="App::PropertyEnumeration">
      <Integer value="0"/>
    </Property>
    <Property name="InnerTaperAngle" type="App::PropertyAngle">
      <Float value="0"/>
    </Property>
    <Property name="InnerTaperAngleRev" type="App::PropertyAngle">
      <Float value="0"/>
    </Property>
    <Property name="Label" type="App::PropertyString" status="134217728">
      <String value="Pocket001"/>
    </Property>
    <Property name="Label2" type="App::PropertyString" status="128">
      <String value=""/>
    </Property>
    <Property name="Length" type="App::PropertyLength">
      <Float value="5"/>
    </Property>
    <Property name="Length2" type="App::PropertyLength">
      <Float value="100"/>
    </Property>
    <Property name="Linearize" type="App::PropertyBool">
      <Bool value="true"/>
    </Property>
    <Property name="Midplane" type="App::PropertyBool">
      <Bool value="true"/>
    </Property>
    <Property name="NewSolid" type="App::PropertyBool">
      <Bool value="false"/>
    </Property>
    <Property name="Offset" type="App::PropertyLength">
      <Float value="0"/>
    </Property>
    <Property name="Placement" type="App::PropertyPlacement" status="8388620">
      <PropertyPlacement Px="0" Py="0" Pz="0" Q0="0.5" Q1="0.5" Q2="0.5" Q3="0.5000000000000001" A="2.094395102393195" Ox="0.5773502691896258" Oy="0.5773502691896258" Oz="0.5773502691896258"/>
    </Property>
    <Property name="Profile" type="App::PropertyLinkSub">
      <LinkSub value="Sketch004" count="0">
      </LinkSub>
    </Property>
    <Property name="Refine" type="App::PropertyBool">
      <Bool value="false"/>
    </Property>
    <Property name="Reversed" type="App::PropertyBool">
      <Bool value="false"/>
    </Property>
    <Property name="Shape" type="Part::PropertyPartShape">
      <Part HasherIndex="0" ElementMap="1.15.70200.3.0" brep="1">
<![CDATA[

CASCADE Topology V1, (c) Matra-Datavision
Locations 11
1
              0              -0               1               0 
              1               0               0               0 
             -0               1               0               0 
1
              0              -0               1               0 
              1               0               0               0 
             -0               1               0               0 
1
             -0               0               1               0 
              1              -0               0               0 
              0               1              -0               0 
2  2 1 3 -1 0
1
              1               0               0               0 
              0               1               0               0 
              0               0               1               0 
1
              0              -0               1               0 
              1               0              -0               0 
             -0               1               0               0 
1
             -0               0               1               0 
              1              -0               0               0 
              0               1              -0               0 
2  5 1 6 1 7 -1 2 1 3 -1 0
2  7 1 6 -1 5 -1 0
2  5 1 6 1 7 -1 0
2  3 1 2 -1 0
Curve2ds 35
1 6.2831853071795862 0 0 1 
1 0 0 0 1 
1 0 2.1575459465626197 1 0 
1 0 -9.9999999999999998e-17 1 0 
8 -1.0274099780729591 -0.23316463508949803
7 0 0  7 8 2  2.5953068189318982 2.1575459465626214  2.6649509961867364 1.9742969426980304  2.7414962753073269 1.8224342210913278  2.8251649714698033 1.6981045897109652  2.9158649208784482 1.5984444205250838  3.0129727104540507 1.5213786971347645  3.1150068104463813 1.4655179887465497  3.2200754334800119 1.4301178410777233 
 -1.0274099780729591 8 -0.23316463508949803 8
8 -1.0274099780729591 -0.23316463508949803
5 -0.3596120405833374 -20.699345387426433 -0.02942753250700296 0.99956691638456574 -0.99956691638456574 -0.02942753250700296 0.62541683027991257 1.169292476056238
8 0.23316463508949467 1.02740997807296
7 0 0  7 8 2  3.0631098736995708 1.4301178410777204  3.1681784967332018 1.4655179887465464  3.2702125967249458 1.5213786971344234  3.3673203863031631 1.598444420525766  3.4580203357090795 1.6981045897109652  3.5416890318729202 1.822434221091612  3.6182343109928494 1.9742969426980277  3.687878488247688 2.1575459465626197 
 0.23316463508949467 8 1.02740997807296 8
8 0.23316463508949467 1.02740997807296
5 1.394846879505625 -20.69934538742643 0.029427532507001489 0.99956691638456574 -0.99956691638456574 0.029427532507001489 0.6254168302799118 1.1692924760562364
1 0 0 1 0 
1 6.2831853071795862 0 0 1 
1 0 0 0 1 
1 0 3.7955847346043377 1 0 
2 0 0 1 -0 0 1 3.5985816080534327
8 -3.5401122993629945 -2.8943412839692035
7 0 0  6 7 2  2.5438512591235014 3.7955847346043394  2.5499733224562799 2.9362413604027378  2.556878167143708 2.1880724415830599  2.5646894453299183 1.53316218267625  2.5735560495832033 0.95744710376264663  2.5836595954875472 0.4495166036284538  2.5952242907697913 1.3899999999999999e-15 
 -3.5401122993629945 7 -2.8943412839692035 7
8 -3.5401122993629945 -2.8943412839692035
5 -1.5765611762689944 -23.562274451038462 -0.069777924046069292 0.99756255007684658 -0.99756255007684658 -0.069777924046069292 0.41601196673136681 0.20469247446085378
8 -1.2889449893279112 -1.225942758247224
7 0 0  5 6 2  2.5657767098529405 0.21275082495979403  2.5715396969716826 0.16861033518783472  2.5773736267873204 0.12527934340145563  2.5832790934038954 0.082743249149415554  2.5892566536859225 0.040987987277719552  2.5953068189318982 2.38e-15 
 -1.2889449893279112 6 -1.225942758247224 6
8 -1.2889449893279112 -1.225942758247224
5 -0.2863291431795808 -23.188550344184797 -0.02942753250700296 0.99956691638456574 -0.99956691638456574 -0.02942753250700296 1.8784094972410263 0.91469497158148716
8 -1.0406384004009583 -0.0049550239775704701
1 -1.6642248269018283 -0.0047364608233221696 0.29372294496468326 -0.95589059604186599 
8 -1.0406384004009583 -0.0049550239775704701
1 -0.0049528780378716997 -16.288920783276531 -0.99956691638456574 -0.029427532507002949 
1 1.0352348389222765 4.1000000000000001e-16 1.2e-16 -1 
1 0 0 -1.0000000000000001e-17 -1 
1 1.0352348389222767 -4.5999999999999998e-16 2.5999999999999998e-16 -1 
1 0 0 1.2e-16 -1 
8 -0.51243822386013227 0.52324515256326165
1 -1.8161950953615589 -0.48983487924028962 -0.29372294496468321 -0.95589059604186588 
8 -0.51243822386013227 0.52324515256326165
1 0.523018543660831 -16.273695176656883 -0.99956691638456574 0.029427532507001478 
8 1.2259427582472262 1.2889449893279163
7 0 0  5 6 2  3.6878784882476885 7.9000000000000002e-16  3.6939286534936646 0.040987987277719858  3.6999062137756979 0.082743249149416664  3.7058116803922729 0.12527934340146274  3.7116456102079045 0.16861033518784127  3.7174085973266471 0.21275082495980277 
 1.2259427582472262 6 1.2889449893279163 6
8 1.2259427582472262 1.2889449893279163
5 1.3215639821018721 -23.188550344184794 0.029427532507001489 0.99956691638456574 -0.99956691638456574 0.029427532507001489 1.8784094972410224 0.91469497158148505
1 -1.1e-16 -0 2.5999999999999998e-16 -1 
1 9.2167846084405838 1.6800000000000001e-15 2.9999999999999999e-16 -1 
8 2.8943412839692293 3.5401122993630199
7 0 0  6 7 2  3.6879610164097958 2.4800000000000001e-15  3.6995257116920399 0.44951660362845486  3.7096292575962764 0.95744710376263242  3.718495861849874 1.5331621826762785  3.7263071400357433 2.1880724415830457  3.7332119847233058 2.9362413604027373  3.7393340480560844 3.7955847346043381 
 2.8943412839692293 7 3.5401122993630199 7
8 2.8943412839692293 3.5401122993630199
5 10.793345784709588 -23.562274451038455 0.069777924046068182 0.99756255007684658 -0.99756255007684658 0.069777924046068182 0.41601196673135638 0.20469247446084857
8 -4.1232073250866739 -1.7847021568017929
1 -4.8415721354513561 -3.9487576888709035 -0.69646944878767736 -0.71758644559759421 
8 -4.1232073250866739 -1.7847021568017929
1 5.1036273947315998 -15.970588515364607 -0.99756255007684669 0.069777924046068182 
8 -2.8124574219507097 -0.4739522536658361
1 -1.6397909376486111 0.64989828690896445 0.69646944878767714 -0.71758644559759444 
8 -2.8124574219507097 -0.4739522536658361
1 -0.47279701878156066 -16.29136876727846 -0.99756255007684658 -0.069777924046069278 
Curves 17
1 0 -3.4097056686846399 0 0.88294759285892699 0.46947156278589075 0 
2 -6.7000000000000004e-16 -2.3967992013695238 1.0600000000000001e-15 -2.8000000000000001e-16 -1 4.4e-16 1 -2.7999999999999992e-16 2.2e-16 -2.1999999999999988e-16 4.4000000000000005e-16 1 1.9050000000000005
5 -1.1191823569117243 -3.3778449023116544 -0.34389870471141931 -0.951493126036841 -0.095810319810346239 -0.29237170472273721 -0.091584183710473402 0.99539960951260131 -0.028141689292703859 0.29372294496468354 -8.4307560932472825e-16 -0.95589059604186577 0.62541683027991257 1.169292476056238
5 -1.1191823569117232 -3.3778449023116544 0.34389870471142364 -0.95149312603684111 -0.095810319810346101 0.29237170472273682 -0.091584183710473707 0.99539960951260131 0.028141689292702377 -0.2937229449646831 -6.1756155744774342e-16 -0.95589059604186599 0.6254168302799118 1.1692924760562364
1 1.905 -2.396799201369523 0 0.44619781310980949 0.89493436160202477 0 
2 2.8000000000000001e-16 0.99999999999999967 -4.4e-16 -2.8000000000000001e-16 -1 4.4e-16 1 -2.7999999999999992e-16 2.2e-16 -2.1999999999999988e-16 4.4000000000000005e-16 1 3.5985816080534327
5 -0.1484518133574162 -6.1575041592372424 -0.14408320175900535 -0.71572045526185413 -0.072069260236347563 -0.69465837045899759 -0.051715924289848107 0.99739962990217013 -0.050194037951345263 0.69646944878767725 -8.3960616237277444e-16 -0.71758644559759421 0.41601196673136681 0.20469247446085378
5 -0.89111177922858809 -5.8566720837035149 -0.27381792139345529 -0.951493126036841 -0.095810319810346239 -0.29237170472273721 -0.091584183710473402 0.99539960951260131 -0.028141689292703859 0.29372294496468354 -8.4307560932472825e-16 -0.95589059604186577 1.8784094972410263 0.91469497158148716
1 -1.6642248269018278 0.99999999999999833 -0.0047364608233236797 0.29372294496468349 -8.5999999999999997e-16 -0.95589059604186588 
1 -3.5987715004146894 17.176494036467911 0.98999999999999633 0.10018806161207629 -0.9949685182509117 2.2e-16 
1 -3.2976210213310724 17.206818295175086 -3.8199999999999998e-15 0.10018806161207629 -0.9949685182509117 2.2e-16 
1 -1.8161950953615584 0.99999999999999867 -0.48983487924029123 -0.29372294496468299 -6.2999999999999998e-16 -0.95589059604186599 
5 -0.8911117792285862 -5.8566720837035149 0.27381792139346334 -0.95149312603684111 -0.095810319810346101 0.29237170472273682 -0.091584183710473707 0.99539960951260131 0.028141689292702377 -0.2937229449646831 -6.1756155744774342e-16 -0.95589059604186599 1.8784094972410224 0.91469497158148505
1 -3.5987715004146894 17.176494036467911 -0.99000000000000421 0.10018806161207629 -0.9949685182509117 2.2e-16 
5 -0.14845181335741248 -6.1575041592372433 0.14408320175901126 -0.71572045526185435 -0.072069260236347257 0.69465837045899748 -0.051715924289848669 0.99739962990217013 0.050194037951344229 -0.69646944878767703 -2.7755575615628909e-16 -0.71758644559759444 0.41601196673135638 0.20469247446084857
1 -4.8415721354513552 0.99999999999999578 -3.9487576888709066 -0.69646944878767714 -2.8999999999999998e-16 -0.71758644559759444 
1 -1.6397909376486108 0.99999999999999978 0.6498982869089629 0.69646944878767736 -8.2999999999999998e-16 -0.71758644559759421 
Polygon3D 0
PolygonOnTriangulations 0
Surfaces 7
3 -9.5000000000000005e-16 -3.4097056686846408 1.5100000000000001e-15 2.8000000000000001e-16 1 -4.4e-16 1 -2.7999999999999992e-16 2.2e-16 -2.1999999999999988e-16 4.4000000000000005e-16 1 1.9000000000000001e-16
1.0821041362364845
3 -6.7000000000000004e-16 -2.3967992013695238 1.0600000000000001e-15 2.8000000000000001e-16 1 -4.4e-16 1 -2.7999999999999992e-16 2.2e-16 -2.1999999999999988e-16 4.4000000000000005e-16 1 1.9050000000000007
0.46251225177849814
1 -3.2976210213310724 17.206818295175086 -3.8199999999999998e-15 -0.95149312603684111 -0.095810319810346239 -0.29237170472273721 -0.2909006418264749 -0.02929215436638927 0.95630475596303532 -0.10018806161207633 0.99496851825091182 -1.1449174941446927e-16 
1 -3.5987715004146894 17.176494036467911 -0.9900000000000041 -0.95149312603684111 -0.095810319810346101 0.29237170472273677 0.29090064182647446 0.029292154366389281 0.95630475596303544 -0.1001880616120762 0.9949685182509117 2.0816681711721685e-17 
1 2.8000000000000001e-16 0.99999999999999967 -4.4e-16 2.8000000000000001e-16 1 -4.4e-16 1 -2.7999999999999992e-16 2.2e-16 -2.1999999999999988e-16 4.4000000000000005e-16 1 
1 -3.5987715004146894 17.176494036467911 0.98999999999999633 -0.71572045526185413 -0.072069260236347563 -0.69465837045899759 -0.69116320954618182 -0.069596475618890402 0.71933980033865097 -0.1001880616120763 0.99496851825091182 -2.2898349882893854e-16 
1 -9.9690739320803292 16.53503831118201 -7.6200000000000054 -0.71572045526185435 -0.072069260236347271 0.69465837045899759 0.6911632095461816 0.06959647561889043 0.71933980033865097 -0.10018806161207608 0.9949685182509117 -2.0816681711721682e-17 
Triangulations 0

TShapes 51
Ve
1e-07
0 -3.40970566868464 0
0 0

0101101
*
Ve
1e-07
1.905 -2.39679920136952 0
0 0

0101101
*
Ed
 1e-07 1 1 0
1  1 0 0 2.15754594656262
3  1 2CN 1 9 0 2.15754594656262
0

0101000
+51 0 -50 0 *
Ve
1.00000002e-07
-1.62774626970104 -2.39679920136952 0.989680292556313
0 0

0101101
*
Ed
 1e-07 1 1 0
1  2 0 0 2.5953068189319
2  3 1 0 0 2.5953068189319
2  4 2 0 0 2.5953068189319
0

0101000
+50 10 -48 11 *
Ve
1.00000001e-07
-1.29075358460638 -2.72339981379857 1e-15
0 0

0101101
*
Ed
 1e-07 1 1 0
1  3 0 -1.02740997807296 -0.318805706013438
2  5 1 4 -1.02740997807296 -0.318805706013438
2  6 3 0 -1.02740997807296 -0.318805706013438
0

0101000
+48 0 -46 0 *
Ve
1.00000002e-07
-1.62774626970104 -2.39679920136952 -0.98968029255631
0 0

0101101
*
Ed
 1e-07 1 1 0
1  4 0 0.318805706013441 1.02740997807296
2  7 1 4 0.318805706013441 1.02740997807296
2  8 4 0 0.318805706013441 1.02740997807296
0

0101000
+46 0 -44 0 *
Ed
 1e-07 1 1 0
1  2 0 3.68787848824769 6.28318530717959
2  3 1 0 3.68787848824769 6.28318530717959
2  4 2 0 3.68787848824769 6.28318530717959
0

0101000
+44 11 -50 10 *
Ed
 1e-07 1 1 1
2  9 1 0 0 6.28318530717959
0

0101000
+51 10 -51 10 *
Wi

0101100
-49 8 -47 4 -45 0 -43 0 -42 4 +49 8 +41 4 *
Fa
0  1e-07 1 4

0101000
+40 0 *
Ve
1e-07
3.59858160805343 1 0
0 0

0101101
*
Ed
 1e-07 1 1 0
1  5 0 0 3.79558473460434
3  10 11CN 2 9 0 3.79558473460434
0

0101000
+50 0 -38 0 *
Ve
1.50000003e-07
-2.97461927259413 1 2.0251986996174
0 0

0101101
*
Ed
 1e-07 1 1 0
1  6 0 0 2.5438512591235
2  12 2 0 0 2.5438512591235
2  13 5 0 0 2.5438512591235
0

0101000
+38 10 -36 11 *
Ve
1.00000004e-07
-1.62790553999081 -2.39619309572574 0.990000000000001
0 0

0101101
*
Ed
 1e-07 1 1 0
1  7 0 -3.54011229936299 -2.8945034288638
2  14 2 4 -3.54011229936299 -2.8945034288638
2  15 6 0 -3.54011229936299 -2.8945034288638
0

0101000
+36 0 -34 0 *
Ed
 1e-07 1 1 0
1  8 0 -1.22615093524968 -1.22594275824722
2  16 2 4 -1.22615093524968 -1.22594275824722
2  17 3 0 -1.22615093524968 -1.22594275824722
0

0101000
+34 0 -48 0 *
Wi

0101100
-37 8 -35 4 -33 0 -32 0 +47 4 *
Fa
0  1e-07 2 4

0101000
+31 0 *
Ve
1.50000003e-07
-1.96988420251093 1 0.99
0 0

0101101
*
Ve
1.50000006e-07
-1.66568023113689 1 -0
0 0

0101101
*
Ed
 1.5e-07 1 1 0
1  9 0 -1.04063840040096 -0.00495502397757
2  18 5 4 -1.04063840040096 -0.00495502397757
2  19 3 0 -1.04063840040096 -0.00495502397757
0

0101000
+29 0 -28 0 *
Ed
 1e-07 1 1 0
1  10 0 16.2582973629207 19.6716647543795
2  20 3 0 16.2582973629207 19.6716647543795
2  21 6 0 16.2582973629207 19.6716647543795
0

0101000
+29 0 -34 0 *
Ed
 1e-07 1 1 0
1  11 0 16.2887749691474 20.0310037387008
2  22 4 0 16.2887749691474 20.0310037387008
2  23 3 0 16.2887749691474 20.0310037387008
0

0101000
+28 0 -46 0 *
Wi

0101100
+27 0 -26 0 -32 0 -45 0 +25 0 *
Fa
0  1e-07 3 0

0101000
+24 0 *
Ve
1.50000009e-07
-1.96988420251093 1 -0.990000000000001
0 0

0101101
*
Ed
 1.5e-07 1 1 0
1  12 0 -0.512438223860132 0.523245152563262
2  24 5 4 -0.512438223860132 0.523245152563262
2  25 4 0 -0.512438223860132 0.523245152563262
0

0101000
+28 0 -22 0 *
Ve
1.00000004e-07
-1.62790553999081 -2.39619309572574 -0.99
0 0

0101101
*
Ed
 1e-07 1 1 0
1  13 0 1.22594275824723 1.22615093524969
2  26 2 4 1.22594275824723 1.22615093524969
2  27 4 0 1.22594275824723 1.22615093524969
0

0101000
+44 0 -20 0 *
Ed
 1e-07 1 1 0
1  14 0 16.2582973629207 19.6716647543795
2  28 4 0 16.2582973629207 19.6716647543795
2  29 7 0 16.2582973629207 19.6716647543795
0

0101000
+22 0 -20 0 *
Wi

0101100
+21 0 -25 0 -43 0 -19 0 +18 0 *
Fa
0  1e-07 4 0

0101000
+17 0 *
Ve
1.50000004e-07
-2.97461927259413 1 -2.0251986996174
0 0

0101101
*
Ed
 1e-07 1 1 0
1  15 0 2.89450342886383 3.54011229936302
2  30 2 4 2.89450342886383 3.54011229936302
2  31 7 0 2.89450342886383 3.54011229936302
0

0101000
+20 0 -15 0 *
Ed
 1e-07 1 1 0
1  6 0 3.73933404805608 6.28318530717959
2  12 2 0 3.73933404805608 6.28318530717959
2  13 5 0 3.73933404805608 6.28318530717959
0

0101000
+15 11 -38 10 *
Wi

0101100
+42 4 -19 0 -14 0 -13 4 +37 8 *
Fa
0  1e-07 2 4

0101000
+12 0 *
Ed
 1.5e-07 1 1 0
1  16 0 -4.12320732508667 -2.68059548930247
2  32 5 4 -4.12320732508667 -2.68059548930247
2  33 7 0 -4.12320732508667 -2.68059548930247
0

0101000
+22 0 -15 0 *
Ed
 1.5e-07 1 1 0
1  17 0 -1.91656408945003 -0.473952253665836
2  34 5 4 -1.91656408945003 -0.473952253665836
2  35 6 0 -1.91656408945003 -0.473952253665836
0

0101000
+36 0 -29 0 *
Wi

0101100
+13 4 +10 0 +21 0 +27 0 +9 0 +35 4 *
Fa
0  1e-07 5 4

0101000
+8 0 *
Wi

0101100
+9 0 -33 0 +26 0 *
Fa
0  1e-07 6 0

0101000
+6 0 *
Wi

0101100
-18 0 -14 0 +10 0 *
Fa
0  1e-07 7 0

0101000
+4 0 *
Sh

0101100
-39 0 -30 0 +23 0 +16 0 -11 0 -7 0 +5 0 +3 0 *
So

0100000
+2 0 *

+1 1 ]]>
      </Part>
      <ElementMap count="44">
<![CDATA[
Edge1	#94;:T1954:3:E 3 28 106 148
Edge10	#83;:G3#97;CUT;:T-1955:3:E 8 30 127 150 29 110 118 151 131
Edge11	#83;:G4#99;CUT;:T-1955:3:E 9 30 127 152 14 109 111 119 153 131
Edge12	#8c;:M;CUT;:T-1955:3:E 3 15 125 140
Edge13	#8b;:M;CUT;:T-1955:3:E 3 14 124 139
Edge14	#87;:G4#9a;CUT;:T-1955:3:E 9 29 126 152 14 109 111 119 154 135
Edge15	#87;:G3#9b;CUT;:T-1955:3:E 8 29 126 150 29 110 118 155 135
Edge16	#8a;:M;CUT;:T-1955:3:E 3 12 123 138
Edge17	#86;:G2#9c;CUT;:T-1955:3:E 8 28 120 150 29 110 118 156 134
Edge18	#9d;:M2;CUT;:T1954:3:E 4 14 109 111 157
Edge19	#86;:G3#9e;CUT;:T-1955:3:E 9 28 120 152 14 109 111 119 158 134
Edge2	#9f;:M;CUT;:T1954:3:E 4 12 108 116 159
Edge20	#84;:G3#a0;CUT;:T-1955:3:E 9 31 128 152 14 109 111 119 160 132
Edge3	#83;:G2#a2;CUT;:T-1955:3:E 8 30 127 161 28 106 117 162 131
Edge4	#87;:G2#a3;CUT;:T-1955:3:E 8 29 126 161 28 106 117 163 135
Edge5	#9f;:M2;CUT;:T1954:3:E 4 12 108 116 159
Edge6	#93;:T1954:3:E 4 10 107 115 147
Edge7	#95;:T1954:3:E 3 29 110 149
Edge8	#9d;:M;CUT;:T1954:3:E 4 14 109 111 157
Edge9	#84;:G2#a4;CUT;:T-1955:3:E 8 31 128 150 29 110 118 164 132
Face1	#a1;:M;CUT;:T1954:3:F 4 28 106 117 161
Face2	#96;:M;CUT;:T1954:3:F 4 29 110 118 150
Face3	#83;:M;CUT;:T-1955:3:F 3 30 127 131
Face4	#87;:M;CUT;:T-1955:3:F 3 29 126 135
Face5	#96;:M2;CUT;:T1954:3:F 4 29 110 118 150
Face6	#98;:M;CUT;:T1954:3:F 5 14 109 111 119 152
Face7	#84;:M;CUT;:T-1955:3:F 3 31 128 132
Face8	#86;:M;CUT;:T-1955:3:F 3 28 120 134
Vertex1	#8d;:T1954:3:V 3 10 107 141
Vertex1	#8e;:T1954:3:V 3 18 112 142
Vertex10	#8b;:G2#a5;CUT;:T-1955:3:V 9 14 124 152 14 109 111 119 165 139
Vertex11	#8a;:G2#a6;CUT;:T-1955:3:V 9 12 123 152 14 109 111 119 166 138
Vertex12	#8a;:G#a7;CUT;:T-1955:3:V 8 12 123 150 29 110 118 167 138
Vertex13	#9d;:G#a8;CUT;:T1954:3:V 8 14 109 111 134 28 120 168 157
Vertex2	#8f;:T1954:3:V 3 12 108 143
Vertex2	#90;:T1954:3:V 3 13 113 144
Vertex3	#9f;:G2#a9;CUT;:T1954:3:V 8 12 108 116 131 30 127 169 159
Vertex4	#8b;:G#aa;CUT;:T-1955:3:V 8 14 124 161 28 106 117 170 139
Vertex5	#9f;:G#ab;CUT;:T1954:3:V 8 12 108 116 135 29 126 171 159
Vertex6	#91;:T1954:3:V 3 14 109 145
Vertex6	#92;:T1954:3:V 3 16 114 146
Vertex7	#9d;:G2#ac;CUT;:T1954:3:V 8 14 109 111 132 31 128 172 157
Vertex8	#8c;:G#ad;CUT;:T-1955:3:V 8 15 125 150 29 110 118 173 140
Vertex9	#8c;:G2#ae;CUT;:T-1955:3:V 9 15 125 152 14 109 111 119 174 140
]]>
      </ElementMap>
    </Property>
    <Property name="Suppress" type="App::PropertyBool">
      <Bool value="false"/>
    </Property>
    <Property name="SuppressedShape" type="Part::PropertyPartShape">
      <Part ElementMap="0.15.70200.3" brep="1">
<![CDATA[

CASCADE Topology V1, (c) Matra-Datavision
Locations 0
Curve2ds 0
Curves 0
Polygon3D 0
PolygonOnTriangulations 0
Surfaces 0
Triangulations 0

TShapes 0

*]]>
      </Part>
      <ElementMap/>
    </Property>
    <Property name="TaperAngle" type="App::PropertyAngle">
      <Float value="0"/>
    </Property>
    <Property name="TaperAngleRev" type="App::PropertyAngle">
      <Float value="0"/>
    </Property>
    <Property name="Type" type="App::PropertyEnumeration">
      <Integer value="1"/>
    </Property>
    <Property name="UpToFace" type="App::PropertyLinkSub">
      <LinkSub value="" count="0">
      </LinkSub>
    </Property>
    <Property name="UsePipeForDraft" type="App::PropertyBool">
      <Bool value="false"/>
    </Property>
    <Property name="Visibility" type="App::PropertyBool" status="648">
      <Bool value="false"/>
    </Property>
    <Property name="_ProfileBasedVersion" type="App::PropertyInteger" status="67108864">
      <Integer value="1"/>
    </Property>
    <Property name="_Siblings" type="App::PropertyLinkList" status="218103808">
      <LinkList count="0">
      </LinkList>
    </Property>
  </Properties>
</Object>
</Document>
