<?xml version='1.0' encoding='utf-8'?>
<!-- FreeCAD DocumentObject -->
<Document SchemaVersion="4" FileVersion="2">
<Object name="PolarPattern">
  <Properties Count="24" TransientCount="2">
    <_Property name="_Body" type="App::PropertyLinkHidden" status="251658241"/>
    <_Property name="_ElementMapVersion" type="App::PropertyString" status="234881024"/>
    <Property name="AddSubShape" type="Part::PropertyPartShape">
      <Part HasherIndex="0" ElementMap="1.15.70200.3.0" brep="1">
<![CDATA[

CASCADE Topology V1, (c) Matra-Datavision
Locations 20
1
              1              -0               0               0 
              0               1              -0               0 
             -0               0               1               0 
1
              0           1e-15               1               0 
             -0               1          -1e-15               0 
             -1               0               0               0 
2  1 1 2 1 0
1
              1               0               0               0 
              0               1               0               0 
              0               0               1               0 
1
              1               0               0               0 
              0 0.994968518250912 -0.100188061612076               0 
              0 0.100188061612076 0.994968518250912 -2.39970566868464 
1
             -0               0               1               0 
              1              -0               0               0 
              0               1              -0               0 
1
              1               0               0 -1.98755644991389 
              0               1               0 19.7384405296498 
              0               0               1          -4e-15 
2  4 1 5 1 6 -1 7 1 0
1
              1               0               0 3.97511289982777 
              0               1               0 -39.4768810592997 
              0               0               1           9e-15 
2  4 1 5 1 6 -1 7 1 9 1 0
2  7 -1 6 1 5 -1 4 -1 0
2  9 -1 7 -1 6 1 5 -1 4 -1 0
2  5 -1 4 -1 0
2  6 -1 7 1 0
2  4 1 5 1 0
2  6 -1 7 1 9 1 0
1
             -1           1e-15          -1e-30               0 
          1e-15               1          -1e-15               0 
             -0          -1e-15              -1               0 
2  1 1 17 1 0
1
             -0               0              -1               0 
          1e-15               1               0               0 
              1          -1e-15              -0               0 
2  1 1 19 1 0
Curve2ds 25
1 0 0 2.9999999999999999e-16 -1 
1 15.240000000000004 -2.0000000000000001e-17 -2e-16 -1 
1 -1.1e-16 -0 2.5999999999999998e-16 -1 
1 9.2167846084405838 1.6800000000000001e-15 2.9999999999999999e-16 -1 
1 0 0 1 -2.0000000000000001e-17 
1 1.1270000000000001e-14 -39.676512708861793 1 -2.0000000000000001e-17 
1 -2.0305531479650978 7.6200000000000001 0.69465837045899748 -0.71933980033865097 
1 1.0352348389222767 -4.5999999999999998e-16 2.5999999999999998e-16 -1 
1 0 0 1.2e-16 -1 
1 0 0 1 0 
1 1.027e-14 -39.676512708861793 1 0 
1 4.371963429005806 0.98999999999999999 0.29237170472273694 -0.95630475596303544 
1 1.0352348389222765 4.1000000000000001e-16 1.2e-16 -1 
1 0 0 -1.0000000000000001e-17 -1 
1 0 0 1 -1.0000000000000001e-17 
1 4.6399999999999997e-15 -39.676512708861793 1 -1.0000000000000001e-17 
1 4.6746368036498804 0 -0.29237170472273694 -0.95630475596303544 
1 9.2167846084405873 -1.8500000000000001e-15 -1.0000000000000001e-17 -1 
1 0 0 -2e-16 -1 
1 0 0 1 2.0000000000000001e-17 
1 -2.7e-16 -39.676512708861793 1 2.0000000000000001e-17 
1 4.371963429005806 -0.98999999999999999 -0.69465837045899748 -0.71933980033865097 
1 0 0 1 0 
1 -8.0000000000000006e-15 -39.676512708861793 1 0 
1 -2.0305531479650978 -7.6200000000000001 0 1 
Curves 10
1 -9.9690739320803292 16.53503831118201 -7.6200000000000054 0.10018806161207629 -0.9949685182509117 2.2e-16 
1 -3.5987715004146894 17.176494036467911 -0.99000000000000421 0.10018806161207629 -0.9949685182509117 2.2e-16 
1 -7.6200000000000001 -8.0218794220719847 0 0.71933980033865097 0.69465837045899748 0 
1 -3.2976210213310724 17.206818295175086 -3.8199999999999998e-15 0.10018806161207629 -0.9949685182509117 2.2e-16 
1 -0.98999999999999999 -1.6193628451010804 0 0.95630475596303544 0.29237170472273694 0 
1 -3.5987715004146894 17.176494036467911 0.98999999999999633 0.10018806161207629 -0.9949685182509117 2.2e-16 
1 0 -1.3166894704570065 0 0.95630475596303544 -0.29237170472273694 0 
1 -9.969073932080331 16.53503831118201 7.6199999999999983 0.10018806161207629 -0.9949685182509117 2.2e-16 
1 0.98999999999999999 -1.6193628451010804 0 0.71933980033865097 -0.69465837045899748 0 
1 7.6200000000000001 -8.0218794220719847 0 -1 0 0 
Polygon3D 0
PolygonOnTriangulations 0
Surfaces 6
1 -9.9690739320803292 16.53503831118201 -7.6200000000000054 -0.71572045526185435 -0.072069260236347271 0.69465837045899759 0.6911632095461816 0.06959647561889043 0.71933980033865097 -0.10018806161207608 0.9949685182509117 -2.0816681711721682e-17 
1 -9.9690739320803328 16.53503831118201 7.6199999999999983 0.9949685182509117 0.10018806161207629 2.2e-16 2.211013565069093e-16 1.1090076876509421e-19 -1 -0.10018806161207629 0.9949685182509117 -2.2041373554656783e-17 
1 -3.5987715004146894 17.176494036467911 -0.9900000000000041 -0.95149312603684111 -0.095810319810346101 0.29237170472273677 0.29090064182647446 0.029292154366389281 0.95630475596303544 -0.1001880616120762 0.9949685182509117 2.0816681711721685e-17 
1 0 -5.9611810253058843 -2.9999650345729121 -1.0000000000000001e-17 -0.10018806161207629 0.9949685182509117 0 0.9949685182509117 0.10018806161207629 -1 1.0018806161207629e-18 -9.9496851825091179e-18 
1 -3.2976210213310724 17.206818295175086 -3.8199999999999998e-15 -0.95149312603684111 -0.095810319810346239 -0.29237170472273721 -0.2909006418264749 -0.02929215436638927 0.95630475596303532 -0.10018806161207633 0.99496851825091182 -1.1449174941446927e-16 
1 -3.5987715004146894 17.176494036467911 0.98999999999999633 -0.71572045526185413 -0.072069260236347563 -0.69465837045899759 -0.69116320954618182 -0.069596475618890402 0.71933980033865097 -0.1001880616120763 0.99496851825091182 -2.2898349882893854e-16 
Triangulations 0

TShapes 32
Co

0100000
*
Ve
1e-07
-7.62 -8.02187942207198 0
0 0

0101101
*
Ed
 1e-07 1 1 0
1  1 0 0 39.6765127088618
2  1 1 0 0 39.6765127088618
2  2 2 0 0 39.6765127088618
0

0101000
+31 8 -31 10 *
Ve
1e-07
-0.99 -1.61936284510108 0
0 0

0101101
*
Ed
 1e-07 1 1 0
1  2 0 0 39.6765127088618
2  3 3 0 0 39.6765127088618
2  4 1 0 0 39.6765127088618
0

0101000
+29 8 -29 10 *
Ed
 1e-07 1 1 0
1  3 0 0 9.21678460844058
2  5 1 11 0 9.21678460844058
2  6 1 12 0 9.21678460844058
2  7 4 13 0 9.21678460844058
0

0101000
+31 0 -29 0 *
Wi

0101100
+30 0 -28 0 -27 8 +27 10 *
Fa
0  1e-07 1 0

0111000
+26 0 *
Ve
1e-07
0 -1.31668947045701 0
0 0

0101101
*
Ed
 1e-07 1 1 0
1  4 0 0 39.6765127088618
2  8 3 0 0 39.6765127088618
2  9 5 0 0 39.6765127088618
0

0101000
+24 8 -24 10 *
Ed
 1e-07 1 1 0
1  5 0 0 1.03523483892228
2  10 3 11 0 1.03523483892228
2  11 3 12 0 1.03523483892228
2  12 4 13 0 1.03523483892228
0

0101000
+29 0 -24 0 *
Wi

0101100
+28 0 -23 0 -22 8 +22 10 *
Fa
0  1e-07 3 0

0111000
+21 0 *
Ve
1e-07
0.99 -1.61936284510108 0
0 0

0101101
*
Ed
 1e-07 1 1 0
1  6 0 0 39.6765127088618
2  13 5 0 0 39.6765127088618
2  14 6 0 0 39.6765127088618
0

0101000
+19 8 -19 10 *
Ed
 1e-07 1 1 0
1  7 0 0 1.03523483892228
2  15 5 11 0 1.03523483892228
2  16 5 12 0 1.03523483892228
2  17 4 13 0 1.03523483892228
0

0101000
+24 0 -19 0 *
Wi

0101100
+23 0 -18 0 -17 8 +17 10 *
Fa
0  1e-07 5 0

0111000
+16 0 *
Ve
1.00000001e-07
7.62 -8.02187942207198 0
0 0

0101101
*
Ed
 1.00000001e-07 1 1 0
1  8 0 0 39.6765127088618
2  18 6 0 0 39.6765127088618
2  19 2 0 0 39.6765127088618
0

0101000
+14 8 -14 10 *
Ed
 1e-07 1 1 0
1  9 0 0 9.21678460844058
2  20 6 11 0 9.21678460844058
2  21 6 12 0 9.21678460844058
2  22 4 13 0 9.21678460844058
0

0101000
+19 0 -14 0 *
Wi

0101100
+18 0 -13 0 -12 8 +12 10 *
Fa
0  1e-07 6 0

0111000
+11 0 *
Ed
 1e-07 1 1 0
1  10 0 0 15.24
2  23 2 11 0 15.24
2  24 2 12 0 15.24
2  25 4 13 0 15.24
0

0101000
+14 0 -31 0 *
Wi

0101100
+13 0 -30 0 -9 8 +9 10 *
Fa
0  1e-07 2 0

0111000
+8 0 *
Wi

0101100
+27 0 +22 0 +17 0 +12 0 +9 0 *
Fa
0  1e-07 4 0

0111000
-6 15 *
Sh

0101100
-25 0 -20 0 -15 0 -10 0 -7 0 +5 14 -5 16 *
So

0100000
+4 0 *
Co

0100000
+3 3 +3 18 +3 20 *
Co

1100000
+32 0 +2 0 *

+1 0 ]]>
      </Part>
      <ElementMap count="111">
<![CDATA[
Edge1	#146;:T-1955:4:E 4 10 121 137 326
Edge10	#14c;:T-1955:4:E 5 30 127 131 187 332
Edge11	#14d;:T-1955:4:E 4 18 122 136 333
Edge12	#14e;:T-1955:4:E 3 31 128 334
Edge13	#14f;:T-1955:4:E 5 31 128 132 188 335
Edge14	#150;:T-1955:4:E 3 32 129 336
Edge15	#151;:T-1955:4:E 5 32 129 133 189 337
Edge16	#164;:T-1955:4:E 4 10 121 137 356
Edge17	#e5;:T-1955:3:E 4 12 123 138 229
Edge18	#165;:T-1955:4:E 3 28 120 357
Edge19	#166;:T-1955:4:E 5 28 120 134 185 358
Edge2	#f7;:T-1955:3:E 4 12 123 138 247
Edge20	#e9;:T-1955:3:E 4 14 124 139 233
Edge21	#167;:T-1955:4:E 3 29 126 359
Edge22	#168;:T-1955:4:E 5 29 126 135 186 360
Edge23	#111;:T-1955:4:E 4 15 125 140 273
Edge24	#169;:T-1955:4:E 3 30 127 361
Edge25	#16a;:T-1955:4:E 5 30 127 131 187 362
Edge26	#16b;:T-1955:4:E 4 18 122 136 363
Edge27	#16c;:T-1955:4:E 3 31 128 364
Edge28	#16d;:T-1955:4:E 5 31 128 132 188 365
Edge29	#16e;:T-1955:4:E 3 32 129 366
Edge3	#147;:T-1955:4:E 3 28 120 327
Edge30	#16f;:T-1955:4:E 5 32 129 133 189 367
Edge31	#182;:T-1955:4:E 4 10 121 137 386
Edge32	#107;:T-1955:4:E 4 12 123 138 263
Edge33	#183;:T-1955:4:E 3 28 120 387
Edge34	#184;:T-1955:4:E 5 28 120 134 185 388
Edge35	#104;:T-1955:4:E 4 14 124 139 260
Edge36	#185;:T-1955:4:E 3 29 126 389
Edge37	#186;:T-1955:4:E 5 29 126 135 186 390
Edge38	#106;:T-1955:4:E 4 15 125 140 262
Edge39	#187;:T-1955:4:E 3 30 127 391
Edge4	#148;:T-1955:4:E 5 28 120 134 185 328
Edge40	#188;:T-1955:4:E 5 30 127 131 187 392
Edge41	#189;:T-1955:4:E 4 18 122 136 393
Edge42	#18a;:T-1955:4:E 3 31 128 394
Edge43	#18b;:T-1955:4:E 5 31 128 132 188 395
Edge44	#18c;:T-1955:4:E 3 32 129 396
Edge45	#18d;:T-1955:4:E 5 32 129 133 189 397
Edge5	#f4;:T-1955:3:E 4 14 124 139 244
Edge6	#149;:T-1955:4:E 3 29 126 329
Edge7	#14a;:T-1955:4:E 5 29 126 135 186 330
Edge8	#f6;:T-1955:3:E 4 15 125 140 246
Edge9	#14b;:T-1955:4:E 3 30 127 331
Face1	#fc;:T-1955:3:F 4 28 120 134 252
Face10	#e4;:T-1955:3:F 4 30 127 131 228
Face11	#10e;:T-1955:4:F 4 31 128 132 270
Face12	#170;:T-1955:4:F 4 32 129 133 368
Face13	#171;:T-1955:4:F 3 120 130 369
Face14	#172;:T-1955:4:F 4 120 130 190 370
Face15	#10b;:T-1955:4:F 4 28 120 134 267
Face16	#e2;:T-1955:3:F 4 29 126 135 226
Face17	#e0;:T-1955:3:F 4 30 127 131 224
Face18	#102;:T-1955:4:F 4 31 128 132 258
Face19	#18e;:T-1955:4:F 4 32 129 133 398
Face2	#f9;:T-1955:3:F 4 29 126 135 249
Face20	#18f;:T-1955:4:F 3 120 130 399
Face21	#190;:T-1955:4:F 4 120 130 190 400
Face3	#f3;:T-1955:3:F 4 30 127 131 243
Face4	#f1;:T-1955:3:F 4 31 128 132 241
Face5	#152;:T-1955:4:F 4 32 129 133 338
Face6	#153;:T-1955:4:F 3 120 130 339
Face7	#154;:T-1955:4:F 4 120 130 190 340
Face8	#ed;:T-1955:3:F 4 28 120 134 237
Face9	#e8;:T-1955:3:F 4 29 126 135 232
Vertex1	#137;:T-1955:4:V 3 10 121 311
Vertex1	#138;:T-1955:4:V 3 20 175 312
Vertex10	#145;:T-1955:4:V 5 18 122 136 184 325
Vertex11	#155;:T-1955:4:V 3 10 121 341
Vertex11	#156;:T-1955:4:V 3 20 175 342
Vertex12	#157;:T-1955:4:V 5 10 121 137 176 343
Vertex13	#158;:T-1955:4:V 3 12 123 344
Vertex13	#159;:T-1955:4:V 3 13 177 345
Vertex14	#15a;:T-1955:4:V 5 12 123 138 178 346
Vertex15	#15b;:T-1955:4:V 3 14 124 347
Vertex15	#15c;:T-1955:4:V 3 16 179 348
Vertex16	#15d;:T-1955:4:V 5 14 124 139 180 349
Vertex17	#15e;:T-1955:4:V 3 15 125 350
Vertex17	#15f;:T-1955:4:V 3 17 181 351
Vertex18	#160;:T-1955:4:V 5 15 125 140 182 352
Vertex19	#161;:T-1955:4:V 3 18 122 353
Vertex19	#162;:T-1955:4:V 3 19 183 354
Vertex2	#139;:T-1955:4:V 5 10 121 137 176 313
Vertex20	#163;:T-1955:4:V 5 18 122 136 184 355
Vertex21	#173;:T-1955:4:V 3 10 121 371
Vertex21	#174;:T-1955:4:V 3 20 175 372
Vertex22	#175;:T-1955:4:V 5 10 121 137 176 373
Vertex23	#176;:T-1955:4:V 3 12 123 374
Vertex23	#177;:T-1955:4:V 3 13 177 375
Vertex24	#178;:T-1955:4:V 5 12 123 138 178 376
Vertex25	#179;:T-1955:4:V 3 14 124 377
Vertex25	#17a;:T-1955:4:V 3 16 179 378
Vertex26	#17b;:T-1955:4:V 5 14 124 139 180 379
Vertex27	#17c;:T-1955:4:V 3 15 125 380
Vertex27	#17d;:T-1955:4:V 3 17 181 381
Vertex28	#17e;:T-1955:4:V 5 15 125 140 182 382
Vertex29	#17f;:T-1955:4:V 3 18 122 383
Vertex29	#180;:T-1955:4:V 3 19 183 384
Vertex3	#13a;:T-1955:4:V 3 12 123 314
Vertex3	#13b;:T-1955:4:V 3 13 177 315
Vertex30	#181;:T-1955:4:V 5 18 122 136 184 385
Vertex4	#13c;:T-1955:4:V 5 12 123 138 178 316
Vertex5	#13d;:T-1955:4:V 3 14 124 317
Vertex5	#13e;:T-1955:4:V 3 16 179 318
Vertex6	#13f;:T-1955:4:V 5 14 124 139 180 319
Vertex7	#140;:T-1955:4:V 3 15 125 320
Vertex7	#141;:T-1955:4:V 3 17 181 321
Vertex8	#142;:T-1955:4:V 5 15 125 140 182 322
Vertex9	#143;:T-1955:4:V 3 18 122 323
Vertex9	#144;:T-1955:4:V 3 19 183 324
]]>
      </ElementMap>
    </Property>
    <Property name="Angle" type="App::PropertyAngle">
      <Float value="360"/>
    </Property>
    <Property name="Axis" type="App::PropertyLinkSub">
      <LinkSub value="Z_Axis002" count="1">
        <Sub value=""/>
      </LinkSub>
    </Property>
    <Property name="BaseFeature" type="App::PropertyLink" status="8">
      <Link value="Pocket001"/>
    </Property>
    <Property name="ColoredElements" type="App::PropertyLinkSubHidden" status="218103808">
      <LinkSub value="" count="0">
      </LinkSub>
    </Property>
    <Property name="CopyShape" type="App::PropertyBool">
      <Bool value="false"/>
    </Property>
    <Property name="ExpressionEngine" type="App::PropertyExpressionEngine" status="67108864">
      <ExpressionEngine count="0"></ExpressionEngine>
    </Property>
    <Property name="Label" type="App::PropertyString" status="134217728">
      <String value="PolarPattern"/>
    </Property>
    <Property name="Label2" type="App::PropertyString" status="128">
      <String value=""/>
    </Property>
    <Property name="NewSolid" type="App::PropertyBool">
      <Bool value="false"/>
    </Property>
    <Property name="Occurrences" type="App::PropertyInteger">
      <Integer value="4"/>
    </Property>
    <Property name="OriginalSubs" type="App::PropertyLinkSubList">
      <LinkSubList count="1">
        <Link obj="Pocket001" sub=""/>
      </LinkSubList>
    </Property>
    <Property name="Originals" type="App::PropertyLinkList" status="8">
      <LinkList count="1">
        <Link value="Pocket001"/>
      </LinkList>
    </Property>
    <Property name="ParallelTransform" type="App::PropertyBool">
      <Bool value="true"/>
    </Property>
    <Property name="Placement" type="App::PropertyPlacement" status="8388620">
      <PropertyPlacement Px="0" Py="0" Pz="0" Q0="0.5" Q1="0.5" Q2="0.5" Q3="0.5000000000000001" A="2.094395102393195" Ox="0.5773502691896258" Oy="0.5773502691896258" Oz="0.5773502691896258"/>
    </Property>
    <Property name="Refine" type="App::PropertyBool">
      <Bool value="false"/>
    </Property>
    <Property name="Reversed" type="App::PropertyBool">
      <Bool value="false"/>
    </Property>
    <Property name="Shape" type="Part::PropertyPartShape">
      <Part HasherIndex="0" ElementMap="1.15.70200.3.0" brep="1">
<![CDATA[

CASCADE Topology V1, (c) Matra-Datavision
Locations 25
1
              0              -0               1               0 
              1               0               0               0 
             -0               1               0               0 
1
              0              -0               1               0 
              1               0               0               0 
             -0               1               0               0 
1
             -0               0               1               0 
              1              -0               0               0 
              0               1              -0               0 
1
              1               0               0               0 
              0               1               0               0 
              0               0               1               0 
2  2 1 3 -1 4 1 0
1
              1               0               0               0 
              0               1               0               0 
              0               0               1               0 
1
              0              -0               1               0 
              1               0              -0               0 
             -0               1               0               0 
1
             -0               0               1               0 
              1              -0               0               0 
              0               1              -0               0 
2  6 1 7 1 8 -1 0
2  6 1 7 1 8 -1 2 1 3 -1 4 1 0
2  8 1 7 -1 6 -1 0
2  4 -1 3 1 2 -1 8 1 7 -1 6 -1 0
1
              1              -0               0               0 
              0               1              -0               0 
             -0               0               1               0 
1
             -1           1e-15          -1e-30               0 
          1e-15               1          -1e-15               0 
             -0          -1e-15              -1               0 
2  13 1 14 1 0
2  4 -1 3 1 2 -1 0
1
              0           1e-15               1               0 
             -0               1          -1e-15               0 
             -1               0               0               0 
2  13 1 17 1 0
2  3 1 2 -1 0
2  2 1 3 -1 0
1
             -0               0              -1               0 
          1e-15               1               0               0 
              1          -1e-15              -0               0 
2  13 1 21 1 0
2  14 -1 13 -1 0
2  17 -1 13 -1 0
2  21 -1 13 -1 0
Curve2ds 93
1 0 0 1 0 
1 6.2831853071795862 0 0 1 
1 0 0 0 1 
8 0.31880570601343966 1.0274099780729578
7 0 0  7 8 2  -8.9000000000000007e-16 1.4618688527447112  0.091703421905956262 1.5053921234125824  0.18022153327817847 1.5655810366184824  0.26435672128875609 1.6431640875071025  0.34324446568073341 1.7392880241620787  0.41652351061882342 1.8555489374564331  0.48415117820341091 1.9940561280371025  0.54628583465789138 2.1575459465626161 
 0.31880570601343966 8 1.0274099780729578 8
8 0.31880570601343966 1.0274099780729578
5 1.3948468795056297 -20.699345387426433 0.029427532507001579 0.99956691638456574 -0.99956691638456574 0.029427532507001579 0.62541683027991335 1.1692924760562395
1 0 2.1575459465626197 1 0 
1 0 -9.9999999999999998e-17 1 0 
8 -1.0274099780729544 -0.23316463508949367
7 0 0  7 8 2  1.0245104921370045 2.157545946562621  1.0941546693918429 1.9742969426980301  1.1706999485118672 1.8224342210909299  1.2543686446757647 1.6981045897123295  1.3450685940827043 1.5984444205246291  1.442176383659671 1.5213786971349919  1.5442104836514894 1.465517988746553  1.6492791066851198 1.4301178410777273 
 -1.0274099780729544 8 -0.23316463508949367 8
8 -1.0274099780729544 -0.23316463508949367
5 -0.35961204058333535 -20.699345387426437 -0.02942753250700305 0.99956691638456574 -0.99956691638456574 -0.02942753250700305 0.62541683027991501 1.1692924760562426
8 0.23316463508949006 1.0274099780729586
7 0 0  7 8 2  1.49231354690467 1.4301178410777227  1.5973821699383015 1.4655179887465482  1.6994162699299409 1.5213786971344234  1.7965240595081013 1.5984444205262207  1.8872240089133356 1.6981045897102831  1.9708927050780858 1.8224342210915552  2.0474379841979524 1.9742969426980297  2.117082161452791 2.1575459465626228 
 0.23316463508949006 8 1.0274099780729586 8
8 0.23316463508949006 1.0274099780729586
5 1.3948468795056301 -20.69934538742643 0.02942753250700152 0.99956691638456574 -0.99956691638456574 0.02942753250700152 0.62541683027991302 1.1692924760562389
8 -1.0274099780729591 -0.23316463508949803
7 0 0  7 8 2  2.5953068189318982 2.1575459465626214  2.6649509961867364 1.9742969426980304  2.7414962753073269 1.8224342210913278  2.8251649714698033 1.6981045897109652  2.9158649208784482 1.5984444205250838  3.0129727104540507 1.5213786971347645  3.1150068104463813 1.4655179887465497  3.2200754334800119 1.4301178410777233 
 -1.0274099780729591 8 -0.23316463508949803 8
8 -1.0274099780729591 -0.23316463508949803
5 -0.3596120405833374 -20.699345387426433 -0.02942753250700296 0.99956691638456574 -0.99956691638456574 -0.02942753250700296 0.62541683027991257 1.169292476056238
8 0.23316463508949467 1.02740997807296
7 0 0  7 8 2  3.0631098736995708 1.4301178410777204  3.1681784967332018 1.4655179887465464  3.2702125967249458 1.5213786971344234  3.3673203863031631 1.598444420525766  3.4580203357090795 1.6981045897109652  3.5416890318729202 1.822434221091612  3.6182343109928494 1.9742969426980277  3.687878488247688 2.1575459465626197 
 0.23316463508949467 8 1.02740997807296 8
8 0.23316463508949467 1.02740997807296
5 1.394846879505625 -20.69934538742643 0.029427532507001489 0.99956691638456574 -0.99956691638456574 0.029427532507001489 0.6254168302799118 1.1692924760562364
8 -1.0274099780729531 -0.23316463508949337
7 0 0  7 8 2  4.1661031457267974 2.1575459465626206  4.235747322981636 1.9742969426980301  4.3122926021011381 1.8224342210909299  4.395961298266684 1.6981045897118747  4.4866612476726004 1.5984444205250838  4.5837690372493398 1.5213786971349919  4.6858031372412823 1.4655179887465533  4.7908717602749125 1.4301178410777275 
 -1.0274099780729531 8 -0.23316463508949337 8
8 -1.0274099780729531 -0.23316463508949337
5 -0.35961204058333529 -20.699345387426437 -0.029427532507003029 0.99956691638456574 -0.99956691638456574 -0.029427532507003029 0.62541683027991568 1.1692924760562438
8 0.23316463508949636 1.0274099780729566
7 0 0  7 8 2  4.6339062004944687 1.4301178410777269  4.7389748235280988 1.4655179887465528  4.8410089235194391 1.5213786971345371  4.9381167130991344 1.598444420525766  5.0288166625023223 1.6981045897109652  5.1124853586682093 1.8224342210914415  5.1890306377877451 1.9742969426980319  5.2586748150425828 2.1575459465626228 
 0.23316463508949636 8 1.0274099780729566 8
8 0.23316463508949636 1.0274099780729566
5 1.3948468795056304 -20.699345387426433 0.029427532507001249 0.99956691638456574 -0.99956691638456574 0.029427532507001249 0.6254168302799139 1.1692924760562406
8 -1.0274099780729546 -0.31880570601343949
7 0 0  7 8 2  5.736899472521694 2.1575459465626237  5.7990341289761744 1.994056128037111  5.8666617965598107 1.8555489374562057  5.9399408415019934 1.7392880241623061  6.0188285858903328 1.6431640875073299  6.1029637739011378 1.5655810366183687  6.1914818852736291 1.5053921234125867  6.2831853071795862 1.4618688527447152 
 -1.0274099780729546 8 -0.31880570601343949 8
8 -1.0274099780729546 -0.31880570601343949
5 -0.35961204058333618 -20.699345387426433 -0.029427532507002811 0.99956691638456574 -0.99956691638456574 -0.029427532507002811 0.62541683027991501 1.1692924760562429
1 -1.1e-16 -0 2.5999999999999998e-16 -1 
1 9.2167846084405838 1.6800000000000001e-15 2.9999999999999999e-16 -1 
8 -0.51243822386013027 0.52324515256326376
1 1.8161950953615622 0.48983487924029145 0.29372294496468349 0.95589059604186588 
8 -0.51243822386013027 0.52324515256326376
1 0.523018543660833 -16.273695176656886 -0.99956691638456585 0.029427532507001829 
1 1.0352348389222767 -4.5999999999999998e-16 2.5999999999999998e-16 -1 
1 0 0 1.2e-16 -1 
8 1.2259427582472207 1.2889449893279123
7 0 0  5 6 2  0.54628583465789271 -3.9999999999999999e-16  0.55233599990386895 0.04098798727771958  0.55831356018590217 0.082743249149418885  0.56421902680247449 0.12527934340146452  0.57005295661810973 0.16861033518784355  0.5758159437368523 0.21275082495980613 
 1.2259427582472207 6 1.2889449893279123 6
8 1.2259427582472207 1.2889449893279123
5 1.3215639821018763 -23.188550344184797 0.029427532507001579 0.99956691638456574 -0.99956691638456574 0.029427532507001579 1.8784094972410301 0.91469497158148894
8 2.8943412839692333 3.5401122993630243
7 0 0  6 7 2  0.54636836282000312 1.19e-15  0.55793305810224714 0.44951660362845391  0.56803660400657208 0.95744710376266084  0.57690320825990682 1.53316218267625  0.58471448644606738 2.1880724415830457  0.59161933113351317 2.9362413604027382  0.5977413944662916 3.7955847346043403 
 2.8943412839692333 7 3.5401122993630243 7
8 2.8943412839692333 3.5401122993630243
5 10.793345784709595 -23.562274451038466 0.069777924046068238 0.99756255007684669 -0.99756255007684669 0.069777924046068238 0.41601196673135471 0.20469247446084776
1 0 3.7955847346043377 1 0 
2 0 0 1 -0 0 1 3.5985816080534327
8 -3.5401122993629728 -2.8943412839691813
7 0 0  6 7 2  0.97305493232860607 3.7955847346043381  0.97917699566138483 2.936241360402736  0.98608184034885227 2.1880724415830315  0.99389311853489914 1.5331621826763069  1.0027597227883263 0.95744710376263242  1.0128632686926529 0.44951660362845258  1.0244279639748974 2e-16 
 -3.5401122993629728 7 -2.8943412839691813 7
8 -3.5401122993629728 -2.8943412839691813
5 -1.5765611762689944 -23.562274451038466 -0.069777924046069403 0.99756255007684658 -0.99756255007684658 -0.069777924046069403 0.4160119667313758 0.2046924744608582
8 -1.2889449893279079 -1.2259427582472173
7 0 0  5 6 2  0.99498038305804581 0.21275082495980244  1.0007433701767883 0.16861033518784077  1.0065772999924256 0.12527934340146363  1.0124827666089988 0.08274324914941289  1.0184603268910286 0.040987987277719198  1.0245104921370047 0 
 -1.2889449893279079 6 -1.2259427582472173 6
8 -1.2889449893279079 -1.2259427582472173
5 -0.28632914317957836 -23.188550344184797 -0.02942753250700305 0.99956691638456574 -0.99956691638456574 -0.02942753250700305 1.8784094972410348 0.91469497158149127
8 -1.0406384004009566 -0.0049550239775688603
1 -0.0047364608233240102 1.6642248269018334 -0.95589059604186599 -0.29372294496468287 
8 -1.0406384004009566 -0.0049550239775688603
1 -0.0049528780378700898 -16.288920783276531 -0.99956691638456574 -0.029427532507002911 
1 1.0352348389222765 4.1000000000000001e-16 1.2e-16 -1 
1 0 0 -1.0000000000000001e-17 -1 
8 -0.51243822386012983 0.5232451525632642
1 -0.48983487924029123 1.8161950953615627 -0.95589059604186577 0.29372294496468365 
8 -0.51243822386012983 0.5232451525632642
1 0.52301854366083345 -16.273695176656886 -0.99956691638456585 0.029427532507001749 
8 1.2259427582472235 1.2889449893279141
7 0 0  5 6 2  2.1170821614527902 1.3899999999999999e-15  2.1231323266987663 0.040987987277720697  2.1291098869807996 0.082743249149419107  2.1350153535973746 0.12527934340146207  2.1408492834130066 0.16861033518784313  2.1466122705317492 0.21275082495980494 
 1.2259427582472235 6 1.2889449893279141 6
8 1.2259427582472235 1.2889449893279141
5 1.321563982101877 -23.188550344184797 0.02942753250700152 0.99956691638456574 -0.99956691638456574 0.02942753250700152 1.8784094972410261 0.91469497158148672
8 2.8943412839692386 3.5401122993630296
7 0 0  6 7 2  2.1171646896149001 -5.9999999999999999e-16  2.1287293848971443 0.44951660362845214  2.1388329308014278 0.95744710376258979  2.1476995350548407 1.5331621826763637  2.1555108132409089 2.1880724415829889  2.1624156579284102 2.9362413604027378  2.1685377212611887 3.7955847346043399 
 2.8943412839692386 7 3.5401122993630296 7
8 2.8943412839692386 3.5401122993630296
5 10.793345784709595 -23.562274451038469 0.069777924046068293 0.99756255007684658 -0.99756255007684658 0.069777924046068293 0.41601196673135249 0.20469247446084665
8 -3.5401122993629945 -2.8943412839692035
7 0 0  6 7 2  2.5438512591235014 3.7955847346043394  2.5499733224562799 2.9362413604027378  2.556878167143708 2.1880724415830599  2.5646894453299183 1.53316218267625  2.5735560495832033 0.95744710376264663  2.5836595954875472 0.4495166036284538  2.5952242907697913 1.3899999999999999e-15 
 -3.5401122993629945 7 -2.8943412839692035 7
8 -3.5401122993629945 -2.8943412839692035
5 -1.5765611762689944 -23.562274451038462 -0.069777924046069292 0.99756255007684658 -0.99756255007684658 -0.069777924046069292 0.41601196673136681 0.20469247446085378
8 -1.2889449893279112 -1.225942758247224
7 0 0  5 6 2  2.5657767098529405 0.21275082495979403  2.5715396969716826 0.16861033518783472  2.5773736267873204 0.12527934340145563  2.5832790934038954 0.082743249149415554  2.5892566536859225 0.040987987277719552  2.5953068189318982 2.38e-15 
 -1.2889449893279112 6 -1.225942758247224 6
8 -1.2889449893279112 -1.225942758247224
5 -0.2863291431795808 -23.188550344184797 -0.02942753250700296 0.99956691638456574 -0.99956691638456574 -0.02942753250700296 1.8784094972410263 0.91469497158148716
8 -1.0406384004009583 -0.0049550239775704701
1 -1.6642248269018283 -0.0047364608233221696 0.29372294496468326 -0.95589059604186599 
8 -1.0406384004009583 -0.0049550239775704701
1 -0.0049528780378716997 -16.288920783276531 -0.99956691638456574 -0.029427532507002949 
8 -0.51243822386013227 0.52324515256326165
1 -1.8161950953615589 -0.48983487924028962 -0.29372294496468321 -0.95589059604186588 
8 -0.51243822386013227 0.52324515256326165
1 0.523018543660831 -16.273695176656883 -0.99956691638456574 0.029427532507001478 
8 1.2259427582472262 1.2889449893279163
7 0 0  5 6 2  3.6878784882476885 7.9000000000000002e-16  3.6939286534936646 0.040987987277719858  3.6999062137756979 0.082743249149416664  3.7058116803922729 0.12527934340146274  3.7116456102079045 0.16861033518784127  3.7174085973266471 0.21275082495980277 
 1.2259427582472262 6 1.2889449893279163 6
8 1.2259427582472262 1.2889449893279163
5 1.3215639821018721 -23.188550344184794 0.029427532507001489 0.99956691638456574 -0.99956691638456574 0.029427532507001489 1.8784094972410224 0.91469497158148505
8 2.8943412839692293 3.5401122993630199
7 0 0  6 7 2  3.6879610164097958 2.4800000000000001e-15  3.6995257116920399 0.44951660362845486  3.7096292575962764 0.95744710376263242  3.718495861849874 1.5331621826762785  3.7263071400357433 2.1880724415830457  3.7332119847233058 2.9362413604027373  3.7393340480560844 3.7955847346043381 
 2.8943412839692293 7 3.5401122993630199 7
8 2.8943412839692293 3.5401122993630199
5 10.793345784709588 -23.562274451038455 0.069777924046068182 0.99756255007684658 -0.99756255007684658 0.069777924046068182 0.41601196673135638 0.20469247446084857
8 -3.5401122993629617 -2.8943412839691707
7 0 0  6 7 2  4.1146475859183997 3.7955847346043359  4.1207696492511783 2.9362413604027351  4.1276744939385708 2.1880724415830315  4.1354857721246958 1.5331621826763637  4.1443523763780377 0.95744710376261821  4.1544559222824455 0.44951660362845347  4.1660206175646906 1.3899999999999999e-15 
 -3.5401122993629617 7 -2.8943412839691707 7
8 -3.5401122993629617 -2.8943412839691707
5 -1.5765611762689962 -23.562274451038462 -0.069777924046069223 0.99756255007684669 -0.99756255007684669 -0.069777924046069223 0.4160119667313803 0.20469247446086045
8 -1.2889449893279048 -1.2259427582472135
7 0 0  5 6 2  4.1365730366478397 0.21275082495980355  4.1423360237665818 0.16861033518784144  4.1481699535822187 0.12527934340146119  4.1540754201987937 0.082743249149413112  4.1600529804808231 0.040987987277718192  4.1661031457267992 -1.3899999999999999e-15 
 -1.2889449893279048 6 -1.2259427582472135 6
8 -1.2889449893279048 -1.2259427582472135
5 -0.28632914317957853 -23.188550344184801 -0.029427532507003029 0.99956691638456574 -0.99956691638456574 -0.029427532507003029 1.8784094972410406 0.91469497158149415
8 -1.0406384004009566 -0.0049550239775689097
1 0.00473646082332426 -1.6642248269018329 0.95589059604186599 0.29372294496468299 
8 -1.0406384004009566 -0.0049550239775689097
1 -0.0049528780378701497 -16.288920783276538 -0.99956691638456574 -0.02942753250700289 
8 -0.51243822386012805 0.52324515256326598
1 0.48983487924028951 -1.8161950953615618 0.95589059604186588 -0.29372294496468349 
8 -0.51243822386012805 0.52324515256326598
1 0.52301854366083522 -16.27369517665689 -0.99956691638456585 0.02942753250700151 
8 1.2259427582472195 1.2889449893279121
7 0 0  5 6 2  5.2586748150425819 -2.38e-15  5.2647249802885581 0.040987987277718151  5.2707025405706105 0.082743249149414888  5.2766080071871571 0.12527934340146429  5.2824419370027993 0.16861033518784374  5.2882049241215423 0.21275082495980693 
 1.2259427582472195 6 1.2889449893279121 6
8 1.2259427582472195 1.2889449893279121
5 1.3215639821018779 -23.188550344184801 0.029427532507001249 0.99956691638456574 -0.99956691638456574 0.029427532507001249 1.8784094972410315 0.9146949715814896
8 2.8943412839692306 3.5401122993630216
7 0 0  6 7 2  5.2587573432046923 1.59e-15  5.2703220384869365 0.44951660362845425  5.280425584391196 0.95744710376263242  5.2892921886445947 1.5331621826762785  5.2971034668306629 2.1880724415830315  5.3040083115182028 2.9362413604027395  5.3101303748509814 3.7955847346043412 
 2.8943412839692306 7 3.5401122993630216 7
8 2.8943412839692306 3.5401122993630216
5 10.793345784709599 -23.562274451038466 0.069777924046067891 0.99756255007684669 -0.99756255007684669 0.069777924046067891 0.41601196673135576 0.20469247446084829
8 -3.5401122993629723 -2.8943412839691804
7 0 0  6 7 2  5.6854439127132954 3.7955847346043416  5.6915659760460739 2.9362413604027386  5.6984708207335188 2.1880724415829889  5.7062820989193597 1.5331621826763637  5.7151487031729857 0.957447103762604  5.7252522490773421 0.44951660362845253  5.7368169443595871 -2.9999999999999999e-16 
 -3.5401122993629723 7 -2.8943412839691804 7
8 -3.5401122993629723 -2.8943412839691804
5 -1.5765611762689955 -23.562274451038462 -0.06977792404606914 0.99756255007684669 -0.99756255007684669 -0.06977792404606914 0.41601196673137619 0.20469247446085836
8 -1.2889449893279075 -1.2259427582472167
7 0 0  5 6 2  5.7073693634427354 0.21275082495980216  5.7131323505614775 0.16861033518784033  5.7189662803771029 0.12527934340146341  5.7248717469937134 0.082743249149415776  5.7308493072757178 0.04098798727771865  5.736899472521694 -7.0000000000000003e-16 
 -1.2889449893279075 6 -1.2259427582472167 6
8 -1.2889449893279075 -1.2259427582472167
5 -0.28632914317957964 -23.188550344184801 -0.029427532507002811 0.99956691638456574 -0.99956691638456574 -0.029427532507002811 1.8784094972410361 0.91469497158149204
8 -1.0406384004009583 -0.0049550239775706401
1 1.6642248269018323 0.0047364608233255298 -0.2937229449646831 0.95589059604186599 
8 -1.0406384004009583 -0.0049550239775706401
1 -0.0049528780378718697 -16.288920783276534 -0.99956691638456574 -0.029427532507002668 
8 -4.1232073250866712 -1.7847021568017971
1 4.8415721354513597 3.9487576888709062 0.69646944878767747 0.71758644559759399 
8 -4.1232073250866712 -1.7847021568017971
1 5.1036273947316033 -15.970588515364609 -0.99756255007684658 0.069777924046068487 
8 -4.1232073250866739 -1.7847021568017929
1 -4.8415721354513561 -3.9487576888709035 -0.69646944878767736 -0.71758644559759421 
8 -4.1232073250866739 -1.7847021568017929
1 5.1036273947315998 -15.970588515364607 -0.99756255007684669 0.069777924046068182 
8 -2.8124574219507097 -0.4739522536658361
1 -1.6397909376486111 0.64989828690896445 0.69646944878767714 -0.71758644559759444 
8 -2.8124574219507097 -0.4739522536658361
1 -0.47279701878156066 -16.29136876727846 -0.99756255007684658 -0.069777924046069278 
8 -4.123207325086673 -1.7847021568017998
1 -3.9487576888709079 4.8415721354513614 -0.71758644559759399 0.69646944878767747 
8 -4.123207325086673 -1.7847021568017998
1 5.1036273947316015 -15.970588515364613 -0.99756255007684658 0.069777924046068557 
8 -2.8124574219507039 -0.47395225366583543
1 0.6498982869089619 1.6397909376486157 -0.71758644559759455 -0.69646944878767703 
8 -2.8124574219507039 -0.47395225366583543
1 -0.47279701878156 -16.29136876727846 -0.99756255007684658 -0.069777924046069459 
8 -2.8124574219507061 -0.47395225366583765
1 1.6397909376486137 -0.64989828690896045 -0.69646944878767691 0.71758644559759455 
8 -2.8124574219507061 -0.47395225366583765
1 -0.47279701878156222 -16.291368767278456 -0.99756255007684658 -0.06977792404606914 
8 -4.1232073250866694 -1.7847021568017967
1 3.9487576888709066 -4.8415721354513588 0.71758644559759421 -0.69646944878767725 
8 -4.1232073250866694 -1.7847021568017967
1 5.1036273947316042 -15.970588515364613 -0.99756255007684669 0.069777924046068154 
8 -2.8124574219507048 -0.47395225366583676
1 -0.64989828690896068 -1.6397909376486144 0.71758644559759444 0.69646944878767714 
8 -2.8124574219507048 -0.47395225366583676
1 -0.47279701878156133 -16.291368767278463 -0.99756255007684658 -0.069777924046069223 
Curves 46
1 0 -3.4097056686846399 0 0.88294759285892699 0.46947156278589075 0 
5 1.1191823569117239 -3.3778449023116544 -0.34389870471141959 0.951493126036841 -0.095810319810347155 -0.29237170472273694 0.091584183710474346 0.9953996095126012 -0.02814168929270389 0.29372294496468326 6.2103100439969694e-16 0.95589059604186588 0.62541683027991335 1.1692924760562395
2 -6.7000000000000004e-16 -2.3967992013695238 1.0600000000000001e-15 -2.8000000000000001e-16 -1 4.4e-16 1 -2.7999999999999992e-16 2.2e-16 -2.1999999999999988e-16 4.4000000000000005e-16 1 1.9050000000000005
5 -0.34389870471142453 -3.3778449023116544 1.1191823569117301 -0.2923717047227371 -0.09581031981034567 0.95149312603684111 -0.028141689292702721 0.99539960951260142 0.091584183710473152 -0.95589059604186599 1.5612511283791264e-16 -0.29372294496468332 0.62541683027991501 1.1692924760562426
5 0.3438987047114207 -3.3778449023116526 1.1191823569117265 0.29237170472273694 -0.095810319810346253 0.95149312603684111 0.028141689292703616 0.99539960951260131 0.091584183710473485 -0.95589059604186588 6.1409211049578971e-16 0.29372294496468326 0.62541683027991302 1.1692924760562389
5 -1.1191823569117243 -3.3778449023116544 -0.34389870471141931 -0.951493126036841 -0.095810319810346239 -0.29237170472273721 -0.091584183710473402 0.99539960951260131 -0.028141689292703859 0.29372294496468354 -8.4307560932472825e-16 -0.95589059604186577 0.62541683027991257 1.169292476056238
5 -1.1191823569117232 -3.3778449023116544 0.34389870471142364 -0.95149312603684111 -0.095810319810346101 0.29237170472273682 -0.091584183710473707 0.99539960951260131 0.028141689292702377 -0.2937229449646831 -6.1756155744774342e-16 -0.95589059604186599 0.6254168302799118 1.1692924760562364
5 0.34389870471142225 -3.3778449023116579 -1.1191823569117259 0.29237170472273716 -0.095810319810346906 -0.95149312603684089 0.02814168929270338 0.99539960951260131 -0.091584183710474248 0.95589059604186588 -1.3877787807814457e-16 0.29372294496468349 0.62541683027991568 1.1692924760562438
5 -0.34389870471142359 -3.3778449023116544 -1.1191823569117234 -0.29237170472273688 -0.095810319810347114 -0.951493126036841 -0.028141689292702689 0.9953996095126012 -0.091584183710474679 0.95589059604186599 -6.1409211049578981e-16 -0.29372294496468315 0.6254168302799139 1.1692924760562406
5 1.1191823569117265 -3.3778449023116526 0.34389870471142592 0.951493126036841 -0.095810319810346461 0.2923717047227371 0.091584183710474124 0.99539960951260131 0.028141689292702294 -0.29372294496468332 8.4654505627668186e-16 0.95589059604186588 0.62541683027991501 1.1692924760562429
1 -3.5987715004146894 17.176494036467911 -0.99000000000000421 0.10018806161207629 -0.9949685182509117 2.2e-16 
1 1.8161950953615627 0.99999999999999944 0.48983487924029151 0.29372294496468321 6.2999999999999998e-16 0.95589059604186588 
1 -3.2976210213310724 17.206818295175086 -3.8199999999999998e-15 0.10018806161207629 -0.9949685182509117 2.2e-16 
5 0.89111177922858564 -5.8566720837035149 -0.27381792139345557 0.951493126036841 -0.095810319810347155 -0.29237170472273694 0.091584183710474346 0.9953996095126012 -0.02814168929270389 0.29372294496468326 6.2103100439969694e-16 0.95589059604186588 1.8784094972410301 0.91469497158148894
5 0.14845181335740706 -6.1575041592372433 -0.14408320175900119 0.71572045526185402 -0.072069260236348742 -0.69465837045899759 0.051715924289849301 0.9973996299021699 -0.050194037951345687 0.69646944878767736 3.0531133177191805e-16 0.71758644559759421 0.41601196673135471 0.20469247446084776
