<?xml version='1.0' encoding='utf-8'?>
<!-- FreeCAD DocumentObject -->
<Document SchemaVersion="4" FileVersion="2">
<Object name="Body" Extensions="True">
  <Extensions Count="1">
    <Extension type="App::OriginGroupExtension" name="OriginGroupExtension">
    </Extension>
  </Extensions>
  <Properties Count="27" TransientCount="2">
    <_Property name="_ElementMapVersion" type="App::PropertyString" status="234881024"/>
    <_Property name="_GroupTouched" type="App::PropertyBool" status="100663424"/>
    <Property name="AutoGroupSolids" type="App::PropertyBool" status="134217728">
      <Bool value="false"/>
    </Property>
    <Property name="BaseFeature" type="App::PropertyLink">
      <Link value=""/>
    </Property>
    <Property name="ColoredElements" type="App::PropertyLinkSubHidden" status="218103808">
      <LinkSub value="" count="0">
      </LinkSub>
    </Property>
    <Property name="Depth" type="App::PropertyLength" group="Parameters" attr="0" ro="0" hide="0" doc="" status="2097152">
      <Float value="4"/>
    </Property>
    <Property name="Dimensions" type="App::PropertyPythonObject" group="Parameters" attr="0" ro="0" hide="0" doc="" status="2097160">
      <Python  json="yes" cdata="1">
<![CDATA[
{
  "0": [
    0.61,
    0.26,
    0.81,
    0.34,
    0.3,
    0.22,
    138,
    7
  ],
  "1": [
    0.97,
    0.41,
    1.27,
    0.54,
    0.5,
    0.34,
    138,
    7
  ],
  "2": [
    1.47,
    0.79,
    2.29,
    0.7,
    0.6,
    0.61,
    140,
    5.75
  ],
  "3": [
    2.41,
    1.98,
    3.81,
    0.83,
    0.8,
    1.01,
    146,
    5.75
  ],
  "4": [
    3.48,
    2.39,
    5.08,
    1.23,
    1,
    1.35,
    153,
    7
  ]
}
]]>
      </Python>
    </Property>
    <Property name="ExportMode" type="App::PropertyEnumeration" status="8">
      <Integer value="0"/>
    </Property>
    <Property name="ExpressionEngine" type="App::PropertyExpressionEngine" status="67108864">
      <ExpressionEngine count="9" cdata="1">
        <Expressions><![CDATA[
0:Label
0:<<No. %s Cross recess - Type H>> % .Size.Enum[.Size]
0:

0:alpha
0:.Dimensions[.Size.Enum[.Size]][6]
0:

0:b
0:.Dimensions[.Size.Enum[.Size]][0]
0:

0:beta
0:.Dimensions[.Size.Enum[.Size]][7]
0:

0:e_min
0:.Dimensions[.Size.Enum[.Size]][1]
0:

0:f_mean
0:.Dimensions[.Size.Enum[.Size]][3]
0:

0:g
0:.Dimensions[.Size.Enum[.Size]][2]
0:

0:r
0:.Dimensions[.Size.Enum[.Size]][4]
0:

0:t1
0:.Dimensions[.Size.Enum[.Size]][5]
0:

]]>
        </Expressions>
      </ExpressionEngine>
    </Property>
    <Property name="Group" type="App::PropertyLinkList">
      <LinkList count="5">
        <Link value="Sketch003"/>
        <Link value="Revolution"/>
        <Link value="Sketch004"/>
        <Link value="Pocket001"/>
        <Link value="PolarPattern"/>
      </LinkList>
    </Property>
    <Property name="Label" type="App::PropertyString" status="134217728">
      <String value="No. 3 Cross recess - Type H"/>
    </Property>
    <Property name="Label2" type="App::PropertyString" status="128">
      <String value=""/>
    </Property>
    <Property name="Origin" type="App::PropertyLink" status="67108864">
      <Link value="Origin001"/>
    </Property>
    <Property name="Placement" type="App::PropertyPlacement" status="8388608">
      <PropertyPlacement Px="0" Py="0" Pz="0" Q0="0" Q1="0" Q2="0" Q3="1" A="0" Ox="0" Oy="0" Oz="1"/>
    </Property>
    <Property name="Shape" type="Part::PropertyPartShape">
      <Part HasherIndex="0" ElementMap="1.15.70200.3.0" brep="1">
<![CDATA[

CASCADE Topology V1, (c) Matra-Datavision
Locations 26
1
              1               0               0               0 
              0               1               0               0 
              0               0               1               0 
1
              0              -0               1               0 
              1               0               0               0 
             -0               1               0               0 
1
             -0               0               1               0 
              1              -0               0               0 
              0               1              -0               0 
1
              1               0               0               0 
              0               1               0               0 
              0               0               1               0 
2  2 1 3 -1 4 1 0
1
              0              -0               1               0 
              1               0               0               0 
             -0               1               0               0 
2  6 -1 4 -1 3 1 2 -1 0
1
              1               0               0               0 
              0               1               0               0 
              0               0               1               0 
1
              0              -0               1               0 
              1               0              -0               0 
             -0               1               0               0 
1
             -0               0               1               0 
              1              -0               0               0 
              0               1              -0               0 
2  8 1 9 1 10 -1 2 1 3 -1 4 1 0
2  10 1 9 -1 8 -1 0
2  6 -1 4 -1 3 1 2 -1 10 1 9 -1 8 -1 0
2  6 -1 0
2  2 1 3 -1 0
2  6 -1 4 -1 0
1
              1              -0               0               0 
              0               1              -0               0 
             -0               0               1               0 
1
             -1           1e-15          -1e-30               0 
          1e-15               1          -1e-15               0 
             -0          -1e-15              -1               0 
2  17 1 18 1 0
2  6 -1 18 -1 17 -1 0
1
              0           1e-15               1               0 
             -0               1          -1e-15               0 
             -1               0               0               0 
2  17 1 21 1 0
2  6 -1 21 -1 17 -1 0
1
             -0               0              -1               0 
          1e-15               1               0               0 
              1          -1e-15              -0               0 
2  17 1 24 1 0
2  6 -1 24 -1 17 -1 0
Curve2ds 30
1 0 0 1 0 
1 6.2831853071795862 0 0 1 
1 0 0 0 1 
7 0 0  7 8 2  0 1.4618688527447099  0.09170342190595715 1.5053921234125813  0.18022153327726897 1.5655810366185392  0.26435672129057508 1.6431640875068751  0.34324446567891442 1.7392880241629882  0.41652351061973292 1.8555489374563194  0.48415117820341091 1.9940561280371019  0.54628583465789138 2.1575459465626157 
 0.31880570601343983 8 1.0274099780729582 8
1 0 2.1575459465626201 1 0 
1 0 -9.9999999999999998e-17 1 0 
7 0 0  7 8 2  1.0245104921370045 2.1575459465626237  1.0941546693918429 1.9742969426980326  1.1706999485117535 1.8224342210911004  1.2543686446762194 1.6981045897109652  1.3450685940823632 1.5984444205250838  1.4421763836596142 1.521378697134935  1.5442104836514905 1.4655179887465544  1.6492791066851211 1.4301178410777289 
 -1.0274099780729546 8 -0.23316463508949217 8
7 0 0  7 8 2  1.4923135469046724 1.430117841077724  1.5973821699383035 1.4655179887465497  1.6994162699302251 1.5213786971345939  1.7965240595067371 1.5984444205259933  1.8872240089146999 1.6981045897102831  1.9708927050778584 1.8224342210913278  2.0474379841979529 1.9742969426980315  2.1170821614527915 2.1575459465626241 
 0.23316463508949278 8 1.0274099780729595 8
7 0 0  7 8 2  2.5953068189318982 2.1575459465626228  2.6649509961867368 1.9742969426980306  2.7414962753065311 1.8224342210914415  2.8251649714709401 1.6981045897105105  2.9158649208775387 1.5984444205255386  3.0129727104545054 1.5213786971345371  3.1150068104463848 1.4655179887465499  3.2200754334800159 1.430117841077724 
 -1.0274099780729591 8 -0.23316463508949398 8
7 0 0  7 8 2  3.0631098736995712 1.4301178410777227  3.1681784967332023 1.4655179887465486  3.2702125967249458 1.5213786971346508  3.3673203863031631 1.5984444205250838  3.4580203357090795 1.6981045897109652  3.5416890318729202 1.8224342210911004  3.6182343109928494 1.9742969426980295  3.687878488247688 2.1575459465626214 
 0.23316463508949486 8 1.0274099780729598 8
7 0 0  7 8 2  4.1661031457267974 2.1575459465626232  4.2357473229816351 1.9742969426980337  4.3122926021015928 1.8224342210910436  4.3959612982657745 1.6981045897116473  4.4866612476721457 1.5984444205246291  4.5837690372495672 1.521378697134935  4.6858031372412787 1.465517988746557  4.790871760274908 1.4301178410777307 
 -1.0274099780729538 8 -0.23316463508949864 8
7 0 0  7 8 2  4.6339062004944678 1.4301178410777255  4.7389748235280988 1.4655179887465515  4.8410089235212581 1.5213786971347076  4.9381167130945869 1.5984444205250838  5.0288166625068698 1.6981045897111926  5.1124853586668451 1.8224342210913846  5.1890306377877451 1.9742969426980332  5.2586748150425837 2.157545946562625 
 0.23316463508949534 8 1.0274099780729586 8
7 0 0  7 8 2  5.736899472521694 2.157545946562625  5.7990341289761744 1.9940561280371123  5.8666617965593559 1.8555489374565468  5.9399408415019934 1.7392880241620787  6.0188285858903328 1.6431640875071025  6.1029637739011378 1.565581036618255  6.1914818852736291 1.505392123412588  6.2831853071795862 1.4618688527447166 
 -1.0274099780729546 8 -0.3188057060134396 8
7 0 0  5 6 2  0.54628583465789315 -1.7899999999999999e-15  0.55233599990386939 0.04098798727771797  0.55831356018590039 0.082743249149415554  0.56421902680247626 0.12527934340146341  0.57005295661810973 0.16861033518784183  0.57581594373685219 0.21275082495980416 
 1.2259427582472218 6 1.288944989327913 6
7 0 0  6 7 2  0.54636836282000212 2.09e-15  0.55935445898414848 0.50476607464635348  0.57049815486627153 1.0831879478661932  0.5801169206676775 1.7485315771324395  0.58846045689805493 2.517313595112725  0.59572845813162645 3.410375049625622  0.60208324946372938 4.4551798475449944 
 2.894341283969224 7 3.6194831317442984 7
1 0 4.45517984754499 1 0 
7 0 0  6 7 2  0.96871307733116763 4.4551798475449909  0.97506786866327078 3.4103750496256184  0.9823358698968363 2.5173135951127534  0.9906794061271853 1.7485315771324679  1.0002981719286339 1.0831879478662216  1.0114418678107506 0.50476607464634982  1.0244279639748974 -9.8999999999999992e-16 
 -3.6194831317442553 7 -2.8943412839691804 7
7 0 0  5 6 2  0.9949803830580457 0.21275082495980258  1.0007433701767883 0.16861033518784052  1.0065772999924256 0.12527934340146385  1.0124827666089988 0.082743249149414444  1.0184603268910288 0.040987987277718053  1.024510492137005 -1.49e-15 
 -1.2889449893279086 6 -1.2259427582472175 6
7 0 0  5 6 2  2.1170821614527906 0  2.1231323266987667 0.040987987277719372  2.1291098869807925 0.082743249149415776  2.1350153535973817 0.12527934340146341  2.1408492834130066 0.16861033518784169  2.1466122705317492 0.21275082495980355 
 1.2259427582472244 6 1.288944989327915 6
7 0 0  6 7 2  2.1171646896148992 2.7799999999999998e-15  2.1301507857790454 0.50476607464635415  2.1412944816612196 1.0831879478662216  2.150913247462455 1.7485315771324963  2.1592567836930243 2.5173135951127392  2.1665247849265232 3.4103750496256247  2.1728795762586262 4.4551798475449971 
 2.8943412839692351 7 3.6194831317443095 7
7 0 0  6 7 2  2.5395094041260631 4.4551798475449935  2.545864195458166 3.4103750496256211  2.5531321966917346 2.5173135951127819  2.5614757329220197 1.7485315771323826  2.5710944987235109 1.0831879478662358  2.5822381946056447 0.50476607464635259  2.5952242907697913 1.59e-15 
 -3.6194831317442766 7 -2.8943412839692022 7
7 0 0  5 6 2  2.5657767098529409 0.2127508249597963  2.5715396969716831 0.16861033518783691  2.5773736267873204 0.1252793434014563  2.5832790934038954 0.082743249149417331  2.5892566536859225 0.040987987277721412  2.5953068189318982 4.1700000000000003e-15 
 -1.2889449893279117 6 -1.2259427582472244 6
7 0 0  5 6 2  3.687878488247688 4.1700000000000003e-15  3.6939286534936642 0.040987987277723147  3.6999062137756979 0.082743249149421549  3.70581168039228 0.12527934340146585  3.7116456102079041 0.16861033518784424  3.7174085973266466 0.21275082495980563 
 1.2259427582472264 6 1.2889449893279163 6
7 0 0  6 7 2  3.6879610164097949 5.9999999999999999e-16  3.7009471125739415 0.50476607464635148  3.7120908084559687 1.0831879478661932  3.7217095742575452 1.7485315771325531  3.730053110487745 2.5173135951127108  3.7373211117214198 3.4103750496256207  3.7436759030535227 4.4551798475449926 
 2.8943412839692249 7 3.6194831317442993 7
7 0 0  6 7 2  4.1103057309209605 4.4551798475449917  4.1166605222530634 3.4103750496256193  4.1239285234865974 2.5173135951127819  4.1322720597170814 1.7485315771323826  4.1418908255183737 1.0831879478662358  4.153034521400544 0.50476607464635226  4.1660206175646906 1.3899999999999999e-15 
 -3.6194831317442446 7 -2.8943412839691698 7
7 0 0  5 6 2  4.1365730366478397 0.21275082495980593  4.1423360237665818 0.16861033518784357  4.1481699535822187 0.12527934340146119  4.1540754201987937 0.082743249149420217  4.1600529804808231 0.040987987277719892  4.1661031457267992 9.9999999999999998e-17 
 -1.2889449893279052 6 -1.2259427582472138 6
7 0 0  5 6 2  5.2586748150425837 1.7899999999999999e-15  5.2647249802885598 0.040987987277721127  5.2707025405706034 0.082743249149418219  5.2766080071871642 0.12527934340146452  5.2824419370028002 0.1686103351878438  5.2882049241215423 0.21275082495980563 
 1.2259427582472222 6 1.2889449893279128 6
7 0 0  6 7 2  5.2587573432046915 -9.9999999999999998e-17  5.271743439368838 0.50476607464635115  5.2828871352509736 1.0831879478662358  5.2925059010522091 1.7485315771323826  5.3008494372828068 2.5173135951127819  5.3081174385163159 3.4103750496256198  5.3144722298484188 4.4551798475449926 
 2.8943412839692177 7 3.6194831317442926 7
7 0 0  6 7 2  5.6811020577158571 4.4551798475449926  5.68745684904796 3.4103750496256202  5.6947248502816592 2.517313595112725  5.7030683865117453 1.7485315771324963  5.7126871523133786 1.083187947866179  5.7238308481954405 0.50476607464635237  5.7368169443595871 1.19e-15 
 -3.6194831317442535 7 -2.8943412839691787 7
7 0 0  5 6 2  5.7073693634427354 0.21275082495980613  5.7131323505614775 0.16861033518784374  5.7189662803771313 0.1252793434014623  5.7248717469936921 0.082743249149420217  5.7308493072757187 0.040987987277720031  5.7368994725216949 2e-16 
 -1.2889449893279077 6 -1.2259427582472162 6
Curves 61
1 2.6599999999999998e-15 1.3299999999999999e-15 -4.0000000000000036 -7.9999999999999998e-16 0.8829475928589271 0.46947156278589064 
5 -0.34389870471141859 1.1191823569117227 -3.9681392336270171 -0.29237170472273688 0.951493126036841 -0.095810319810347322 -0.028141689292704004 0.091584183710474484 0.9953996095126012 0.95589059604186588 0.29372294496468321 6.9735883734267645e-16 0.62541683027991368 1.1692924760562395
2 2.6500000000000001e-15 -5.0000000000000004e-16 -2.9870935326848849 4.4e-16 -6.0999999999999995e-16 -1 -1.1e-16 1 -6.0999999999999995e-16 1 1.1000000000000027e-16 4.3999999999999995e-16 1.9050000000000005
5 1.1191823569117314 -0.34389870471142531 -3.9681392336270118 0.95149312603684111 -0.2923717047227371 -0.095810319810345532 0.091584183710473041 -0.028141689292702627 0.99539960951260142 -0.29372294496468332 -0.95589059604186588 2.1163626406917047e-16 0.62541683027991546 1.1692924760562426
5 1.1191823569117274 0.34389870471141987 -3.9681392336270118 0.95149312603684111 0.29237170472273688 -0.095810319810346198 0.091584183710473402 0.028141689292703723 0.99539960951260131 0.29372294496468321 -0.95589059604186588 7.4593109467002705e-16 0.62541683027991313 1.1692924760562384
2 2.6500000000000001e-15 -5.0000000000000004e-16 -2.9870935326848849 4.4e-16 -6.0999999999999995e-16 -1 -1.1e-16 1 -6.0999999999999995e-16 1 1.1000000000000027e-16 4.3999999999999995e-16 1.9050000000000005
5 -0.34389870471141848 -1.1191823569117252 -3.9681392336270118 -0.29237170472273716 -0.951493126036841 -0.09581031981034617 -0.02814168929270397 -0.091584183710473291 0.99539960951260131 -0.95589059604186588 0.29372294496468354 -9.8532293435482663e-16 0.62541683027991291 1.169292476056238
5 0.34389870471142464 -1.1191823569117245 -3.9681392336270136 0.29237170472273677 -0.95149312603684122 -0.09581031981034599 0.028141689292702252 -0.091584183710473638 0.99539960951260142 -0.9558905960418661 -0.29372294496468293 -7.0776717819853729e-16 0.62541683027991257 1.1692924760562371
2 2.6500000000000001e-15 -5.0000000000000004e-16 -2.9870935326848849 4.4e-16 -6.0999999999999995e-16 -1 -1.1e-16 1 -6.0999999999999995e-16 1 1.1000000000000027e-16 4.3999999999999995e-16 1.9050000000000005
5 -1.1191823569117254 0.34389870471142175 -3.9681392336270171 -0.951493126036841 0.29237170472273721 -0.095810319810347072 -0.091584183710474387 0.028141689292703501 0.99539960951260131 0.29372294496468349 0.95589059604186577 -2.1510571102112403e-16 0.62541683027991612 1.1692924760562442
5 -1.1191823569117219 -0.34389870471142392 -3.9681392336270154 -0.951493126036841 -0.29237170472273682 -0.095810319810347239 -0.091584183710474831 -0.028141689292702585 0.9953996095126012 -0.2937229449646831 0.95589059604186599 -7.5286998857393438e-16 0.6254168302799139 1.1692924760562398
2 2.6500000000000001e-15 -5.0000000000000004e-16 -2.9870935326848849 4.4e-16 -6.0999999999999995e-16 -1 -1.1e-16 1 -6.0999999999999995e-16 1 1.1000000000000027e-16 4.3999999999999995e-16 1.9050000000000005
5 0.34389870471142697 1.1191823569117265 -3.9681392336270118 0.29237170472273716 0.951493126036841 -0.095810319810346559 0.028141689292702186 0.091584183710474248 0.99539960951260142 0.95589059604186599 -0.29372294496468337 9.9226182825873366e-16 0.62541683027991557 1.1692924760562431
1 -0.98999999999997446 3.6306052785952763 -16.902341235361082 -1.4000000000000001e-15 -0.10018806161207608 0.99496851825091182 
1 0.47761516246618796 1.8718797743058795 1 0.95589059604186599 0.29372294496468315 7.0000000000000003e-16 
1 2.5280000000000001e-14 3.3294547995116583 -16.932665494068257 -1.4000000000000001e-15 -0.10018806161207608 0.99496851825091182 
5 -0.27381792139345407 0.89111177922858364 -6.4469664150188812 -0.29237170472273688 0.951493126036841 -0.095810319810347322 -0.028141689292704004 0.091584183710474484 0.9953996095126012 0.95589059604186588 0.29372294496468321 6.9735883734267645e-16 1.8784094972410312 0.91469497158148783
5 -0.14408320175900127 0.14845181335740748 -6.7477984905526096 -0.69465837045899737 0.71572045526185424 -0.072069260236348923 -0.050194037951345791 0.05171592428984946 0.9973996299021699 0.71758644559759444 0.69646944878767703 2.9143354396410354e-16 0.41601196673135937 0.20469247446084965
2 -8.9000000000000007e-16 1.7e-16 1 4.4e-16 -6.0999999999999995e-16 -1 -1.1e-16 1 -6.0999999999999995e-16 1 1.1000000000000027e-16 4.3999999999999995e-16 3.8928915049854664
5 0.14845181335742322 -0.14408320175901673 -6.7477984905526078 0.71572045526185446 -0.69465837045899748 -0.072069260236346452 0.051715924289847719 -0.050194037951344035 0.99739962990217013 -0.69646944878767703 -0.71758644559759444 -2.4980018054066017e-16 0.41601196673137691 0.20469247446085836
5 0.89111177922859519 -0.27381792139346406 -6.4469664150188795 0.95149312603684111 -0.2923717047227371 -0.095810319810345532 0.091584183710473041 -0.028141689292702627 0.99539960951260142 -0.29372294496468332 -0.95589059604186588 2.1163626406917047e-16 1.8784094972410375 0.91469497158149071
1 -16.932665494068257 1.911e-14 3.3294547995116601 0.99496851825091182 -1.01e-15 -0.10018806161207619 
1 1.7199095058461491 -0.0169561775974271 1.0000000000000016 -0.29372294496468332 -0.95589059604186588 2.2e-16 
1 -16.902341235361082 0.99000000000002009 3.6306052785952763 0.99496851825091182 -1.01e-15 -0.10018806161207619 
1 -16.902341235361082 -0.98999999999998056 3.6306052785952785 0.99496851825091182 -1.01e-15 -0.10018806161207619 
1 1.8718797743058782 -0.47761516246618763 1.0000000000000007 0.29372294496468315 -0.95589059604186599 7.3999999999999999e-16 
5 0.89111177922859053 0.27381792139345601 -6.4469664150188795 0.95149312603684111 0.29237170472273688 -0.095810319810346198 0.091584183710473402 0.028141689292703723 0.99539960951260131 0.29372294496468321 -0.95589059604186588 7.4593109467002705e-16 1.8784094972410275 0.91469497158148572
5 0.14845181335741522 0.14408320175900224 -6.7477984905526096 0.71572045526185435 0.69465837045899737 -0.072069260236347993 0.051715924289848308 0.050194037951345631 0.9973996299021699 0.69646944878767703 -0.71758644559759444 9.8532293435482643e-16 0.41601196673135482 0.2046924744608474
2 -8.9000000000000007e-16 1.7e-16 1 4.4e-16 -6.0999999999999995e-16 -1 -1.1e-16 1 -6.0999999999999995e-16 1 1.1000000000000027e-16 4.3999999999999995e-16 3.8928915049854664
5 -0.14408320175900433 -0.14845181335741742 -6.7477984905526096 -0.69465837045899737 -0.71572045526185435 -0.07206926023634759 -0.050194037951345374 -0.051715924289848038 0.99739962990217013 -0.71758644559759444 0.69646944878767703 -9.8532293435482623e-16 0.4160119667313682 0.20469247446085406
5 -0.27381792139345396 -0.89111177922858864 -6.4469664150188795 -0.29237170472273716 -0.951493126036841 -0.09581031981034617 -0.02814168929270397 -0.091584183710473291 0.99539960951260131 -0.95589059604186588 0.29372294496468354 -9.8532293435482663e-16 1.8784094972410292 0.91469497158148672
1 -0.016956177597427041 -1.7199095058461447 0.99999999999999756 -0.95589059604186588 0.29372294496468349 -1.0000000000000001e-15 
1 0.98999999999999455 -3.6306052785952758 16.902341235361071 3.2999999999999999e-16 0.10018806161207619 -0.9949685182509117 
1 -5.6400000000000001e-15 -3.3294547995116588 16.932665494068246 3.2999999999999999e-16 0.10018806161207619 -0.9949685182509117 
1 -0.47761516246618774 -1.8718797743058753 0.999999999999997 -0.95589059604186599 -0.29372294496468293 -7.0000000000000003e-16 
5 0.27381792139346439 -0.8911117792285872 -6.4469664150188777 0.29237170472273677 -0.95149312603684122 -0.09581031981034599 0.028141689292702252 -0.091584183710473638 0.99539960951260142 -0.9558905960418661 -0.29372294496468293 -7.0776717819853729e-16 1.8784094972410255 0.91469497158148483
1 -0.99000000000000521 -3.6306052785952754 16.902341235361071 3.2999999999999999e-16 0.10018806161207619 -0.9949685182509117 
5 0.14408320175901296 -0.14845181335741411 -6.7477984905526096 0.69465837045899725 -0.71572045526185457 -0.072069260236347146 0.050194037951344118 -0.051715924289848607 0.99739962990217013 -0.71758644559759466 -0.6964694487876768 -2.9143354396410354e-16 0.41601196673135876 0.20469247446084937
2 -8.9000000000000007e-16 1.7e-16 1 4.4e-16 -6.0999999999999995e-16 -1 -1.1e-16 1 -6.0999999999999995e-16 1 1.1000000000000027e-16 4.3999999999999995e-16 3.8928915049854664
5 -0.14845181335741275 0.14408320175901151 -6.7477984905526078 -0.71572045526185435 0.69465837045899748 -0.072069260236348021 -0.051715924289849176 0.050194037951344778 0.9973996299021699 0.69646944878767703 0.71758644559759444 2.2898349882893849e-16 0.41601196673138141 0.20469247446086061
5 -0.89111177922858675 0.27381792139345862 -6.4469664150188795 -0.951493126036841 0.29237170472273721 -0.095810319810347072 -0.091584183710474387 0.028141689292703501 0.99539960951260131 0.29372294496468349 0.95589059604186577 -2.1510571102112403e-16 1.8784094972410437 0.91469497158149393
1 16.93266549406825 -1.8060000000000001e-14 3.3294547995116806 -0.99496851825091159 1.08e-15 -0.10018806161207741 
1 -1.7199095058461504 0.016956177597428349 0.99999999999999711 0.29372294496468343 0.95589059604186588 -2.2e-16 
1 16.902341235361074 -0.99000000000001864 3.6306052785952985 -0.99496851825091159 1.08e-15 -0.10018806161207741 
1 16.902341235361074 0.98999999999998201 3.6306052785952971 -0.99496851825091159 1.08e-15 -0.10018806161207741 
1 -1.8718797743058784 0.47761516246618707 0.99999999999999734 -0.29372294496468299 0.95589059604186599 -7.3999999999999999e-16 
5 -0.89111177922858154 -0.27381792139346295 -6.4469664150188812 -0.951493126036841 -0.29237170472273682 -0.095810319810347239 -0.091584183710474831 -0.028141689292702585 0.9953996095126012 -0.2937229449646831 0.95589059604186599 -7.5286998857393438e-16 1.8784094972410321 0.91469497158148816
5 -0.14845181335740579 -0.1440832017590114 -6.7477984905526096 -0.71572045526185446 -0.69465837045899714 -0.072069260236348326 -0.051715924289849939 -0.050194037951344458 0.99739962990217002 -0.6964694487876768 0.71758644559759466 -9.7144514654701178e-16 0.41601196673136165 0.20469247446085082
2 -8.9000000000000007e-16 1.7e-16 1 4.4e-16 -6.0999999999999995e-16 -1 -1.1e-16 1 -6.0999999999999995e-16 1 1.1000000000000027e-16 4.3999999999999995e-16 3.8928915049854664
5 0.14408320175901959 0.14845181335741411 -6.7477984905526078 0.69465837045899737 0.71572045526185435 -0.072069260236347077 0.050194037951343598 0.05171592428984903 0.99739962990217002 0.71758644559759444 -0.69646944878767703 9.7144514654701197e-16 0.4160119667313778 0.20469247446085878
5 0.27381792139346695 0.89111177922858764 -6.4469664150188795 0.29237170472273716 0.951493126036841 -0.095810319810346559 0.028141689292702186 0.091584183710474248 0.99539960951260142 0.95589059604186599 -0.29372294496468337 9.9226182825873366e-16 1.8784094972410401 0.91469497158149227
1 0.016956177597428571 1.7199095058461498 0.99999999999999867 0.95589059604186588 -0.29372294496468332 1.0000000000000001e-15 
1 0.99000000000002619 3.6306052785952749 -16.902341235361082 -1.4000000000000001e-15 -0.10018806161207608 0.99496851825091182 
1 3.9270060805531926 4.8799001429703353 0.99999999999999944 0.71758644559759444 0.69646944878767714 2.8999999999999998e-16 
1 -3.9270060805531921 -4.8799001429703317 0.99999999999999856 -0.71758644559759466 -0.6964694487876768 -2.8999999999999998e-16 
1 0.62814667859124806 -1.6781189451675873 0.99999999999999922 -0.71758644559759444 0.69646944878767714 -9.8999999999999992e-16 
1 4.8799001429703344 -3.9270060805531934 1.0000000000000036 0.69646944878767703 -0.71758644559759444 9.7999999999999995e-16 
1 1.6781189451675917 0.6281466785912474 1.0000000000000004 -0.69646944878767703 -0.71758644559759444 -2.5999999999999998e-16 
1 -0.62814667859124584 1.6781189451675915 1.0000000000000007 0.71758644559759455 -0.69646944878767691 9.8999999999999992e-16 
1 -4.8799001429703344 3.9270060805531917 0.99999999999999167 -0.69646944878767691 0.71758644559759466 -9.7999999999999995e-16 
1 -1.6781189451675915 -0.62814667859124507 0.99999999999999767 0.69646944878767714 0.71758644559759444 2.5999999999999998e-16 
Polygon3D 0
PolygonOnTriangulations 0
Surfaces 22
3 3.5500000000000001e-15 -6.7000000000000004e-16 -4.0000000000000027 -8.9000000000000007e-16 1.7e-16 1 -1.1000000000000039e-16 1 -1.700000000000001e-16 1 1.1000000000000054e-16 8.9000000000000007e-16 2.2e-16
1.0821041362364843
3 2.6500000000000001e-15 -5.0000000000000004e-16 -2.9870935326848849 -8.9000000000000007e-16 1.7e-16 1 -1.1000000000000039e-16 1 -1.700000000000001e-16 1 1.1000000000000054e-16 8.9000000000000007e-16 1.9050000000000007
0.46251225177849736
3 2.6500000000000001e-15 -5.0000000000000004e-16 -2.9870935326848849 -8.9000000000000007e-16 1.7e-16 1 -1.1000000000000039e-16 1 -1.700000000000001e-16 1 1.1000000000000054e-16 8.9000000000000007e-16 1.9050000000000007
0.46251225177849736
3 2.6500000000000001e-15 -5.0000000000000004e-16 -2.9870935326848849 -8.9000000000000007e-16 1.7e-16 1 -1.1000000000000039e-16 1 -1.700000000000001e-16 1 1.1000000000000054e-16 8.9000000000000007e-16 1.9050000000000007
0.46251225177849736
3 2.6500000000000001e-15 -5.0000000000000004e-16 -2.9870935326848849 -8.9000000000000007e-16 1.7e-16 1 -1.1000000000000039e-16 1 -1.700000000000001e-16 1 1.1000000000000054e-16 8.9000000000000007e-16 1.9050000000000007
0.46251225177849736
1 -0.98999999999997446 3.6306052785952763 -16.902341235361082 0.29237170472273738 0.951493126036841 0.095810319810345948 0.95630475596303521 -0.29090064182647529 -0.029292154366387602 1.6583956430338276e-15 0.10018806161207557 -0.99496851825091182 
1 -16.932665494068257 1.911e-14 3.3294547995116601 0.095810319810345407 -0.29237170472273616 0.95149312603684144 0.029292154366390172 0.95630475596303566 0.29090064182647379 -0.99496851825091182 1.1032841307212493e-15 0.1001880616120758 
1 -16.902341235361082 -0.98999999999998056 3.6306052785952785 0.09581031981034592 0.29237170472273777 0.95149312603684089 -0.029292154366388046 0.9563047559630351 -0.29090064182647563 -0.99496851825091182 1.2628786905111156e-15 0.10018806161207566 
1 -5.6400000000000001e-15 -3.3294547995116588 16.932665494068246 -0.29237170472273721 -0.95149312603684111 -0.09581031981034617 0.95630475596303532 -0.2909006418264749 -0.029292154366389135 -2.2204460492503131e-16 -0.10018806161207623 0.99496851825091182 
1 -0.99000000000000521 -3.6306052785952754 16.902341235361071 0.29237170472273671 -0.95149312603684111 -0.095810319810345976 0.95630475596303555 0.29090064182647446 0.029292154366389354 -8.6736173798840355e-17 -0.10018806161207611 0.9949685182509117 
1 16.93266549406825 -1.8060000000000001e-14 3.3294547995116806 -0.095810319810346919 0.29237170472273755 0.95149312603684078 -0.029292154366390835 -0.95630475596303521 0.29090064182647513 0.99496851825091159 -1.1449174941446927e-15 0.10018806161207744 
1 16.902341235361074 0.98999999999998201 3.6306052785952971 -0.095810319810347558 -0.29237170472273633 0.95149312603684122 0.029292154366388361 -0.95630475596303555 -0.29090064182647413 0.99496851825091159 -1.2836953722228372e-15 0.10018806161207733 
1 2.5280000000000001e-14 3.3294547995116583 -16.932665494068257 -0.29237170472273655 0.95149312603684133 0.095810319810345157 0.95630475596303566 0.29090064182647413 0.029292154366390565 1.5161483180037294e-15 0.10018806161207568 -0.99496851825091182 
1 -7.6199999999999752 10.000907710260924 -16.260885510075195 0.69465837045899781 0.71572045526185391 0.072069260236347896 0.71933980033865075 -0.69116320954618216 -0.069596475618888834 1.6237011735142914e-15 0.10018806161207544 -0.99496851825091193 
1 -8.9000000000000007e-16 1.7e-16 1 -8.9000000000000007e-16 1.7e-16 1 -1.1000000000000039e-16 1 -1.700000000000001e-16 1 1.1000000000000054e-16 8.9000000000000007e-16 
1 -16.902341235361082 0.99000000000002009 3.6306052785952763 0.072069260236346411 -0.69465837045899659 0.71572045526185524 0.069596475618890791 0.71933980033865186 0.69116320954618071 -0.99496851825091182 9.9920072216264089e-16 0.10018806161207572 
1 -16.260885510075191 -7.6199999999999788 10.000907710260927 0.072069260236347688 0.69465837045899814 0.71572045526185368 -0.069596475618889209 0.71933980033865041 -0.69116320954618238 -0.99496851825091182 1.2420620087993937e-15 0.10018806161207552 
1 0.98999999999999455 -3.6306052785952758 16.902341235361071 -0.69465837045899737 -0.71572045526185435 -0.07206926023634759 0.71933980033865119 -0.6911632095461816 -0.069596475618890208 -3.6082248300317588e-16 -0.10018806161207619 0.99496851825091182 
1 -7.6200000000000072 -10.000907710260913 16.26088551007517 0.69465837045899725 -0.71572045526185446 -0.072069260236347132 0.7193398003386513 0.69116320954618149 0.069596475618890416 -1.2490009027033011e-16 -0.100188061612076 0.99496851825091182 
1 16.902341235361074 -0.99000000000001864 3.6306052785952985 -0.072069260236347465 0.69465837045899781 0.71572045526185402 -0.069596475618892067 -0.71933980033865075 0.69116320954618171 0.9949685182509117 -1.033895191682177e-15 0.10018806161207738 
1 16.260885510075177 7.6199999999999894 10.000907710260933 -0.072069260236349006 -0.69465837045899692 0.71572045526185468 0.069596475618890222 -0.71933980033865164 -0.69116320954618116 0.99496851825091159 -1.2698175844150226e-15 0.10018806161207719 
1 0.99000000000002619 3.6306052785952749 -16.902341235361082 -0.69465837045899692 0.71572045526185502 0.072069260236346064 0.71933980033865164 0.69116320954618093 0.069596475618891027 1.3739009929736312e-15 0.10018806161207565 -0.99496851825091182 
Triangulations 0

TShapes 149
Ve
1e-07
-4 4e-15 -2e-15
0 0

0101101
*
Ed
 1e-07 1 1 1
2  1 1 0 0 6.28318530717959
0

0101000
+149 7 -149 7 *
Ve
1.00000008e-07
-3.31369414511392 3e-15 1.29075358460638
0 0

0101101
*
Ed
 1e-07 1 1 0
1  1 0 0 1.46186885274471
3  2 3CN 1 12 0 1.46186885274471
0

0101000
+149 13 -147 13 *
Ve
1.00000003e-07
-2.98709353268488 0.989680292556312 1.62774626970104
0 0

0101101
*
Ed
 1e-07 1 1 0
1  2 0 0.31880570601344 1.02740997807296
2  4 1 5 0.31880570601344 1.02740997807296
0

0101000
+147 14 -145 14 *
Ve
1.00000005e-07
-2.98709353268488 1.62774626970105 0.989680292556304
0 0

0101101
*
Ed
 1e-07 1 1 0
1  3 0 0.546285834657893 1.024510492137
2  5 1 0 0.546285834657893 1.024510492137
2  6 2 0 0.546285834657893 1.024510492137
0

0101000
+145 7 -143 7 *
Ve
1.0000001e-07
-3.31369414511393 1.29075358460638 -3e-15
0 0

0101101
*
Ed
 1e-07 1 1 0
1  4 0 -1.02740997807296 -0.318805706013436
2  7 1 5 -1.02740997807296 -0.318805706013436
0

0101000
+143 14 -141 14 *
Ve
1.00000005e-07
-2.98709353268488 1.62774626970104 -0.989680292556312
0 0

0101101
*
Ed
 1e-07 1 1 0
1  5 0 0.318805706013439 1.02740997807296
2  8 1 5 0.318805706013439 1.02740997807296
0

0101000
+141 14 -139 14 *
Ve
1.00000004e-07
-2.98709353268488 0.989680292556313 -1.62774626970104
0 0

0101101
*
Ed
 1e-07 1 1 0
1  6 0 2.11708216145279 2.5953068189319
2  5 1 0 2.11708216145279 2.5953068189319
2  6 3 0 2.11708216145279 2.5953068189319
0

0101000
+139 7 -137 7 *
Ve
1.00000005e-07
-3.31369414511393 1e-15 -1.29075358460638
0 0

0101101
*
Ed
 1e-07 1 1 0
1  7 0 -1.02740997807296 -0.318805706013437
2  9 1 15 -1.02740997807296 -0.318805706013437
0

0101000
+137 16 -135 16 *
Ve
1.00000004e-07
-2.98709353268488 -0.989680292556309 -1.62774626970104
0 0

0101101
*
Ed
 1e-07 1 1 0
1  8 0 0.31880570601344 1.02740997807296
2  10 1 15 0.31880570601344 1.02740997807296
0

0101000
+135 16 -133 16 *
Ve
1.00000004e-07
-2.98709353268488 -1.62774626970104 -0.989680292556305
0 0

0101101
*
Ed
 1e-07 1 1 0
1  9 0 3.68787848824769 4.1661031457268
2  5 1 0 3.68787848824769 4.1661031457268
2  6 4 0 3.68787848824769 4.1661031457268
0

0101000
+133 7 -131 7 *
Ve
1.00000007e-07
-3.31369414511393 -1.29075358460638 -0
0 0

0101101
*
Ed
 1e-07 1 1 0
1  10 0 -1.02740997807295 -0.318805706013436
2  11 1 5 -1.02740997807295 -0.318805706013436
0

0101000
+131 14 -129 14 *
Ve
1.00000004e-07
-2.98709353268488 -1.62774626970104 0.989680292556307
0 0

0101101
*
Ed
 1e-07 1 1 0
1  11 0 0.31880570601344 1.02740997807296
2  12 1 5 0.31880570601344 1.02740997807296
0

0101000
+129 14 -127 14 *
Ve
1.00000006e-07
-2.98709353268488 -0.989680292556303 1.62774626970104
0 0

0101101
*
Ed
 1e-07 1 1 0
1  12 0 5.25867481504258 5.73689947252169
2  5 1 0 5.25867481504258 5.73689947252169
2  6 5 0 5.25867481504258 5.73689947252169
0

0101000
+127 7 -125 7 *
Ed
 1e-07 1 1 0
1  13 0 -1.02740997807296 -0.31880570601344
2  13 1 5 -1.02740997807296 -0.31880570601344
0

0101000
+125 14 -147 14 *
Wi

0101100
+148 5 -146 11 -144 0 -142 5 -140 0 -138 0 -136 5 -134 4 -132 4 -130 5 
-128 0 -126 0 -124 5 -123 0 +146 11 *
Fa
0  1e-07 1 5

0101000
+122 0 *
Ve
1.50000009e-07
1 0.989999999999998 2.02932371617419
0 0

0101101
*
Ve
1.00000004e-07
-2.9864874270411 0.990000000000003 1.6279055399908
0 0

0101101
*
Ed
 1e-07 1 1 0
1  14 0 15.9827581915017 19.9894049887783
0

0101000
+120 20 -119 20 *
Ve
1.50000006e-07
0.999999999999998 -1e-15 1.72511974480015
0 0

0101101
*
Ed
 1.5e-07 1 1 0
1  15 0 -0.499654630397968 0.536028746025425
0

0101000
+117 14 -120 14 *
Ed
 1e-07 1 1 0
1  16 0 16.0132357977284 20.3487439730997
0

0101000
+117 20 -147 20 *
Ed
 1e-07 1 1 0
1  17 0 1.22594275824722 1.22615093524968
2  14 2 5 1.22594275824722 1.22615093524968
0

0101000
+145 14 -119 14 *
Wi

0101100
+118 19 +116 0 -115 19 -144 0 -114 0 *
Fa
0  1e-07 6 19

0101000
+113 0 *
Ve
1.50000001e-07
0.999999999999999 2.20478047312008 3.20835586164259
0 0

0101101
*
Ed
 1e-07 1 1 0
1  18 0 2.89450342886382 3.6194831317443
2  15 2 5 2.89450342886382 3.6194831317443
0

0101000
+119 14 -111 14 *
Ve
1.50000001e-07
1 3.2083558616426 2.20478047312008
0 0

0101101
*
Ed
 1e-07 1 1 0
1  19 0 0.60208324946373 0.968713077331168
2  16 2 0 0.60208324946373 0.968713077331168
0

0101000
+111 7 -109 7 *
Ve
1.00000007e-07
-2.9864874270411 1.62790553999081 0.989999999999998
0 0

0101101
*
Ed
 1e-07 1 1 0
1  20 0 -3.61948313174425 -2.89450342886378
2  17 2 5 -3.61948313174425 -2.89450342886378
0

0101000
+109 14 -107 14 *
Ed
 1e-07 1 1 0
1  21 0 -1.22615093524968 -1.22594275824722
2  18 2 5 -1.22615093524968 -1.22594275824722
0

0101000
+107 14 -143 14 *
Wi

0101100
-114 0 -110 0 -108 5 -106 0 -105 0 +142 5 *
Fa
0  1e-07 2 5

0101000
+104 0 *
Ve
1.50000006e-07
1 1.72511974480015 1e-15
0 0

0101101
*
Ed
 1e-07 1 1 0
1  22 0 16.0132357977284 20.3487439730997
0

0101000
+102 23 -141 23 *
Ve
1.50000005e-07
1 2.02932371617419 0.990000000000002
0 0

0101101
*
Ed
 1.5e-07 1 1 0
1  23 0 -1.05342199386312 -0.017738617439731
0

0101000
+100 14 -102 14 *
Ed
 1e-07 1 1 0
1  24 0 15.9827581915017 19.9894049887784
0

0101000
+100 23 -107 23 *
Wi

0101100
+101 22 +99 0 -98 22 -105 0 -140 0 *
Fa
0  1e-07 7 22

0101000
+97 0 *
Ve
1.50000009e-07
1 2.02932371617419 -0.989999999999999
0 0

0101101
*
Ve
1.00000004e-07
-2.9864874270411 1.62790553999081 -0.990000000000003
0 0

0101101
*
Ed
 1e-07 1 1 0
1  25 0 15.9827581915017 19.9894049887784
0

0101000
+95 23 -94 23 *
Ed
 1.5e-07 1 1 0
1  26 0 -0.499654630397968 0.536028746025426
0

0101000
+102 14 -95 14 *
Ed
 1e-07 1 1 0
1  27 0 1.22594275824722 1.22615093524969
2  19 3 5 1.22594275824722 1.22615093524969
0

0101000
+139 14 -94 14 *
Wi

0101100
+93 22 +92 0 -101 22 -138 0 -91 0 *
Fa
0  1e-07 8 22

0101000
+90 0 *
Ve
1.50000002e-07
1 3.20835586164259 -2.20478047312008
0 0

0101101
*
Ed
 1e-07 1 1 0
1  28 0 2.89450342886383 3.61948313174431
2  20 3 5 2.89450342886383 3.61948313174431
0

0101000
+94 14 -88 14 *
Ve
1.50000002e-07
1 2.20478047312008 -3.20835586164259
0 0

0101101
*
Ed
 1e-07 1 1 0
1  29 0 2.17287957625863 2.53950940412606
2  16 3 0 2.17287957625863 2.53950940412606
0

0101000
+88 7 -86 7 *
Ve
1.00000002e-07
-2.9864874270411 0.990000000000001 -1.62790553999081
0 0

0101101
*
Ed
 1e-07 1 1 0
1  30 0 -3.61948313174428 -2.8945034288638
2  21 3 15 -3.61948313174428 -2.8945034288638
0

0101000
+86 16 -84 16 *
Ed
 1e-07 1 1 0
1  31 0 -1.22615093524968 -1.22594275824722
2  22 3 15 -1.22615093524968 -1.22594275824722
0

0101000
+84 16 -137 16 *
Wi

0101100
-91 0 -87 0 -85 5 -83 4 -82 4 +136 5 *
Fa
0  1e-07 3 5

0101000
+81 0 *
Ve
1.50000004e-07
1 0.99 -2.02932371617419
0 0

0101101
*
Ve
1.50000007e-07
1 -1e-15 -1.72511974480014
0 0

0101101
*
Ed
 1.5e-07 1 1 0
1  32 0 -1.05342199386312 -0.017738617439733
0

0101000
+79 16 -78 16 *
Ed
 1e-07 1 1 0
1  33 0 15.9827581915017 19.9894049887783
0

0101000
+79 16 -84 16 *
Ed
 1e-07 1 1 0
1  34 0 16.0132357977284 20.3487439730997
0

0101000
+78 16 -135 16 *
Wi

0101100
+77 0 -76 0 -82 0 -134 0 +75 0 *
Fa
0  1e-07 9 0

0101000
+74 0 *
Ve
1.50000008e-07
1 -0.99 -2.02932371617419
0 0

0101101
*
Ed
 1.5e-07 1 1 0
1  35 0 -0.49965463039797 0.536028746025423
0

0101000
+78 16 -72 16 *
Ve
1.00000004e-07
-2.98648742704109 -0.989999999999999 -1.62790553999081
0 0

0101101
*
Ed
 1e-07 1 1 0
1  36 0 1.22594275824723 1.22615093524969
2  23 4 15 1.22594275824723 1.22615093524969
0

0101000
+133 16 -70 16 *
Ed
 1e-07 1 1 0
1  37 0 15.9827581915017 19.9894049887783
0

0101000
+72 16 -70 16 *
Wi

0101100
+71 0 -75 0 -132 0 -69 0 +68 0 *
Fa
0  1e-07 10 0

0101000
+67 0 *
Ve
1.50000001e-07
1 -2.20478047312008 -3.20835586164259
0 0

0101101
*
Ed
 1e-07 1 1 0
1  38 0 2.89450342886383 3.6194831317443
2  24 4 15 2.89450342886383 3.6194831317443
0

0101000
+70 16 -65 16 *
Ve
1.50000002e-07
0.999999999999999 -3.2083558616426 -2.20478047312008
0 0

0101101
*
Ed
 1e-07 1 1 0
1  39 0 3.74367590305352 4.11030573092096
2  16 4 0 3.74367590305352 4.11030573092096
0

0101000
+65 7 -63 7 *
Ve
1.00000008e-07
-2.9864874270411 -1.6279055399908 -0.990000000000001
0 0

0101101
*
Ed
 1e-07 1 1 0
1  40 0 -3.61948313174425 -2.89450342886377
2  25 4 5 -3.61948313174425 -2.89450342886377
0

0101000
+63 14 -61 14 *
Ed
 1e-07 1 1 0
1  41 0 -1.22615093524968 -1.22594275824721
