<?xml version='1.0' encoding='utf-8'?>
<!--
 FreeCAD Document, see http://www.freecadweb.org for more information...
-->
<Document SchemaVersion="4" ProgramVersion="2021.717R24301 +3627 (Git)" FileVersion="2" Uid="43c9e432-033f-4fb9-8621-b14a96768f99" StringHasher="1">
  <StringHasher saveall="0" threshold="0" count="436">
<![CDATA[
1 0 0:g1v1;SKT
2 0 0:g4v2;SKT
3 0 0:g1v2;SKT
4 0 0:g2v1;SKT
5 0 0:g2v2;SKT
6 0 0:g3v1;SKT
7 0 0:g3v2;SKT
8 0 0:g4v1;SKT
9 0 0:g1;SKT
10 0 0:g2;SKT
11 0 0:g3;SKT
12 0 0:g4;SKT
13 0 0:#9;:T1882:2:E
14 0 0:#1;:T1882:2:V
15 0 0:#3;:T1882:2:V
16 0 0:#5;:T1882:2:V
17 0 0:#a;:T1882:2:E
18 0 0:#10;:G;RVL;:T1882:3:E
19 0 0:#2;:T1882:2:V
20 0 0:#4;:T1882:2:V
21 0 0:#6;:T1882:2:V
22 0 0:#e;:G;RVL;:T1882:2:E
23 0 0:#f;:G;RVL;:T1882:2:E
24 0 0:#d;:G;RVL;:T1882:2:F
25 0 0:#11;:G;RVL;:T1882:3:F
26 0 0:#12;Edge4;:L;RVL;:T1882:3:F
27 0 0:g5v2;SKT
28 0 0:g5v1;SKT
29 0 0:g5;SKT
30 0 0:#9;:T1885:2:E
31 0 0:#1;:T1885:2:V
32 0 0:#2;:T1885:2:V
33 0 0:#3;:T1885:2:V
34 0 0:#5;:T1885:2:V
35 0 0:#7;:T1885:2:V
36 0 0:#a;:T1885:2:E
37 0 0:#b;:T1885:2:E
38 0 0:#c;:T1885:2:E
39 0 0:#1d;:T1885:3:E
40 0 0:#1e;FAC;:T1885:3:F
41 0 0:#25;:G;XTR;:T1885:3:F
42 0 0:#26;:G;XTR;:T1885:3:F
43 0 0:#27;:G;XTR;:T1885:3:F
44 0 0:#1e;:G;XTR;:T1885:3:F
45 0 0:#24;:G;XTR;:T1885:3:F
46 0 0:#20;:G;XTR;:T1885:3:E
47 0 0:#1f;:G;XTR;:T1885:3:E
48 0 0:#21;:G;XTR;:T1885:3:E
49 0 0:#22;:G;XTR;:T1885:3:E
50 0 0:#23;:G;XTR;:T1885:3:E
51 0 0:#e;:T-1883:2:V
52 0 0:#13;:T-1883:3:V
53 0 0:#f;:T-1883:2:V
54 0 0:#14;:T-1883:3:V
55 0 0:#10;:T-1883:3:V
56 0 0:#15;:T-1883:3:V
57 0 0:#16;:T-1883:3:E
58 0 0:#d;:T-1883:2:E
59 0 0:#11;:T-1883:3:E
60 0 0:#19;:T-1883:3:F
61 0 0:(#3c;K-5;:T1883:3:F)
62 0 0:#1a;:T-1883:3:F
63 0 0:(#3e;K-6;:T1883:3:F)
64 0 0:(#3e;K-5;:T1883:3:F)
65 0 0:(#3c;K-4;:T1883:3:F)
66 0 0:(#3c;K-3;:T1883:3:F)
67 0 0:#12;:T-1883:3:E
68 0 0:(#3e;K-4;:T1883:3:F)
69 0 0:#17;:T-1883:3:E
70 0 0:(#3e;K-7;:T1883:3:F)
71 0 0:#18;:T-1883:3:F
72 0 0:(#47;K-3;:T1883:3:F)
73 0 0:(#47;K-2;:T1883:3:F)
74 0 0:(#3c;K-6;:T1883:3:F)
75 0 0:(#3e;K-2;:T1883:3:F)
76 0 0:(#3e;K-1;:T1883:3:F)
77 0 0:(#3c;K-1;:T1883:3:F)
78 0 0:(#2c;K-1;:T-1891:3:F)
79 0 0:(#29;K-1;:T-1891:3:F)
80 0 0:(#47;K-1;:T1883:3:F)
81 0 0:(#2d;K-1;:T-1891:3:F)
82 0 0:(#2a;K-1;:T-1891:3:F)
83 0 0:(#3c;K-2;:T1883:3:F)
84 0 0:(#3e;K-3;:T1883:3:F)
85 0 0:#1b;:T1885:3:V
86 0 0:#2f;:U;XTR;:T1885:3:V
87 0 0:#4;:T1885:2:V
88 0 0:#30;:U;XTR;:T1885:3:V
89 0 0:#6;:T1885:2:V
90 0 0:#31;:U;XTR;:T1885:3:V
91 0 0:#8;:T1885:2:V
92 0 0:#32;:U;XTR;:T1885:3:V
93 0 0:#1c;:T1885:3:V
94 0 0:#2e;:U;XTR;:T1885:3:V
95 0 0:#2c;:U;XTR;:T1885:3:E
96 0 0:#2d;:U;XTR;:T1885:3:E
97 0 0:#29;:U;XTR;:T1885:3:E
98 0 0:#2a;:U;XTR;:T1885:3:E
99 0 0:#2b;:U;XTR;:T1885:3:E
100 0 0:#28;:G0;XTR;:T1885:3:F
101 0 0:#33;:T1883:3:V
102 0 0:#34;:T1883:3:V
103 0 0:#45;:G2#4f;CUT;:T1883:3:V
104 0 0:#31;:G#50;CUT;:T-1891:3:V
105 0 0:#45;:G#51;CUT;:T1883:3:V
106 0 0:#43;:G2#52;CUT;:T1883:3:V
107 0 0:#32;:G#53;CUT;:T-1891:3:V
108 0 0:#32;:G2#54;CUT;:T-1891:3:V
109 0 0:#31;:G2#4b;CUT;:T-1891:3:V
110 0 0:#30;:G2#4c;CUT;:T-1891:3:V
111 0 0:#30;:G#4d;CUT;:T-1891:3:V
112 0 0:#43;:G#4e;CUT;:T1883:3:V
113 0 0:#29;:G2#48;CUT;:T-1891:3:E
114 0 0:#2d;:G2#49;CUT;:T-1891:3:E
115 0 0:#39;:T1883:3:E
116 0 0:#2a;:G2#4a;CUT;:T-1891:3:E
117 0 0:#29;:G3#3d;CUT;:T-1891:3:E
118 0 0:#29;:G4#3f;CUT;:T-1891:3:E
119 0 0:#32;:M;CUT;:T-1891:3:E
120 0 0:#31;:M;CUT;:T-1891:3:E
121 0 0:#2d;:G4#40;CUT;:T-1891:3:E
122 0 0:#2d;:G3#41;CUT;:T-1891:3:E
123 0 0:#30;:M;CUT;:T-1891:3:E
124 0 0:#2c;:G2#42;CUT;:T-1891:3:E
125 0 0:#2c;:G3#44;CUT;:T-1891:3:E
126 0 0:#2a;:G3#46;CUT;:T-1891:3:E
127 0 0:#29;:M;CUT;:T-1891:3:F
128 0 0:#2d;:M;CUT;:T-1891:3:F
129 0 0:#2a;:M;CUT;:T-1891:3:F
130 0 0:#2c;:M;CUT;:T-1891:3:F
131 0 0:#45;:M2;CUT;:T1883:3:E
132 0 0:#47;:M;CUT;:T1883:3:F
133 0 0:(#84;K-8;:T1891:3:F)
134 0 0:#29;I3;:T1885:3:F
135 0 0:(#84;K-7;:T1891:3:F)
136 0 0:#2d;I3;:T1885:3:F
137 0 0:(#84;K-6;:T1891:3:F)
138 0 0:#29;I2;:T1885:3:F
139 0 0:#30;I2;:T1885:3:E
140 0 0:#3e;:M;CUT;:T1883:3:F
141 0 0:(#8c;K-15;:T1891:3:F)
142 0 0:#2d;I2;:T1885:3:F
143 0 0:#31;I2;:T1885:3:E
144 0 0:#3c;:M;CUT;:T1883:3:F
145 0 0:(#90;K-9;:T1891:3:F)
146 0 0:(#90;K-8;:T1891:3:F)
147 0 0:#2c;I2;:T1885:3:F
148 0 0:#3a;:T1883:3:E
149 0 0:#43;:M;CUT;:T1883:3:E
150 0 0:(#90;K-7;:T1891:3:F)
151 0 0:#2a;I1;:T1885:3:F
152 0 0:(#90;K-6;:T1891:3:F)
153 0 0:#29;I1;:T1885:3:F
154 0 0:#31;I1;:T1885:3:E
155 0 0:(#8c;K-12;:T1891:3:F)
156 0 0:#32;I1;:T1885:3:E
157 0 0:#30;I1;:T1885:3:E
158 0 0:(#8c;K-11;:T1891:3:F)
159 0 0:#2d;I1;:T1885:3:F
160 0 0:(#90;K-5;:T1891:3:F)
161 0 0:(#90;K-4;:T1891:3:F)
162 0 0:#2c;I1;:T1885:3:F
163 0 0:(#84;K-5;:T1891:3:F)
164 0 0:#45;:M;CUT;:T1883:3:E
165 0 0:#43;:M2;CUT;:T1883:3:E
166 0 0:#3c;:M2;CUT;:T1883:3:F
167 0 0:(#a6;K-9;:T1891:3:F)
168 0 0:#2a;I3;:T1885:3:F
169 0 0:(#a6;K-8;:T1891:3:F)
170 0 0:#31;I3;:T1885:3:E
171 0 0:(#8c;K-20;:T1891:3:F)
172 0 0:#32;I3;:T1885:3:E
173 0 0:#30;I3;:T1885:3:E
174 0 0:(#8c;K-19;:T1891:3:F)
175 0 0:(#a6;K-7;:T1891:3:F)
176 0 0:(#a6;K-6;:T1891:3:F)
177 0 0:#2c;I3;:T1885:3:F
178 0 0:(#84;K-4;:T1891:3:F)
179 0 0:(#a6;K-5;:T1891:3:F)
180 0 0:#2a;I2;:T1885:3:F
181 0 0:(#a6;K-4;:T1891:3:F)
182 0 0:(#8c;K-16;:T1891:3:F)
183 0 0:#32;I2;:T1885:3:E
184 0 0:(#8c;K-14;:T1891:3:F)
185 0 0:(#8c;K-10;:T1891:3:F)
186 0 0:(#8c;K-13;:T1891:3:F)
187 0 0:(#84;K-3;:T1891:3:F)
188 0 0:(#8c;K-17;:T1891:3:F)
189 0 0:(#8c;K-18;:T1891:3:F)
190 0 0:(#8c;K-21;:T1891:3:F)
191 0 0:(#86;K-1;:T-1891:3:F)
192 0 0:(#84;K-2;:T1891:3:F)
193 0 0:(#88;K-1;:T-1891:3:F)
194 0 0:(#8a;K-1;:T-1891:3:F)
195 0 0:(#8c;K-4;:T1891:3:F)
196 0 0:(#90;K-3;:T1891:3:F)
197 0 0:(#8c;K-5;:T1891:3:F)
198 0 0:(#93;K-1;:T-1891:3:F)
199 0 0:(#97;K-1;:T-1891:3:F)
200 0 0:(#90;K-2;:T1891:3:F)
201 0 0:(#94;K-1;:T1891:3:E)
202 0 0:(#8c;K-2;:T1891:3:F)
203 0 0:(#8c;K-3;:T1891:3:F)
204 0 0:(#8c;K-1;:T1891:3:F)
205 0 0:(#90;K-1;:T1891:3:F)
206 0 0:(#a2;K-1;:T-1891:3:F)
207 0 0:(#8e;K-1;:T-1891:3:F)
208 0 0:(#a8;K-1;:T-1891:3:F)
209 0 0:(#a6;K-3;:T1891:3:F)
210 0 0:(#8c;K-8;:T1891:3:F)
211 0 0:(#8c;K-9;:T1891:3:F)
212 0 0:(#8c;K-7;:T1891:3:F)
213 0 0:(#a6;K-2;:T1891:3:F)
214 0 0:(#b1;K-1;:T-1891:3:F)
215 0 0:(#b4;K-1;:T-1891:3:F)
216 0 0:(#99;K-1;:T-1891:3:F)
217 0 0:(#a6;K-1;:T1891:3:F)
218 0 0:(#8c;K-6;:T1891:3:F)
219 0 0:(#84;K-1;:T1891:3:F)
220 0 0:(#9f;K-1;:T-1891:3:F)
221 0 0:#1f;I1;:T1885:3:V
222 0 0:#55;I1;:T1885:3:V
223 0 0:#56;I1;:T1885:3:V
224 0 0:#21;I1;:T1885:3:V
225 0 0:#57;I1;:T1885:3:V
226 0 0:#58;I1;:T1885:3:V
227 0 0:#22;I1;:T1885:3:V
228 0 0:#59;I1;:T1885:3:V
229 0 0:#5a;I1;:T1885:3:V
230 0 0:#23;I1;:T1885:3:V
231 0 0:#5b;I1;:T1885:3:V
232 0 0:#5c;I1;:T1885:3:V
233 0 0:#20;I1;:T1885:3:V
234 0 0:#5d;I1;:T1885:3:V
235 0 0:#5e;I1;:T1885:3:V
236 0 0:#2f;I1;:T1885:3:E
237 0 0:#1e;I1;:T1885:3:E
238 0 0:#5f;I1;:T1885:3:E
239 0 0:#24;I1;:T1885:3:E
240 0 0:#60;I1;:T1885:3:E
241 0 0:#25;I1;:T1885:3:E
242 0 0:#61;I1;:T1885:3:E
243 0 0:#2e;I1;:T1885:3:E
244 0 0:#26;I1;:T1885:3:E
245 0 0:#62;I1;:T1885:3:E
246 0 0:#27;I1;:T1885:3:E
247 0 0:#63;I1;:T1885:3:E
248 0 0:#2b;I1;:T1885:3:F
249 0 0:#28;I1;:T1885:3:F
250 0 0:#64;I1;:T1885:3:F
251 0 0:#1f;I2;:T1885:3:V
252 0 0:#55;I2;:T1885:3:V
253 0 0:#56;I2;:T1885:3:V
254 0 0:#21;I2;:T1885:3:V
255 0 0:#57;I2;:T1885:3:V
256 0 0:#58;I2;:T1885:3:V
257 0 0:#22;I2;:T1885:3:V
258 0 0:#59;I2;:T1885:3:V
259 0 0:#5a;I2;:T1885:3:V
260 0 0:#23;I2;:T1885:3:V
261 0 0:#5b;I2;:T1885:3:V
262 0 0:#5c;I2;:T1885:3:V
263 0 0:#20;I2;:T1885:3:V
264 0 0:#5d;I2;:T1885:3:V
265 0 0:#5e;I2;:T1885:3:V
266 0 0:#2f;I2;:T1885:3:E
267 0 0:#1e;I2;:T1885:3:E
268 0 0:#5f;I2;:T1885:3:E
269 0 0:#24;I2;:T1885:3:E
270 0 0:#60;I2;:T1885:3:E
271 0 0:#25;I2;:T1885:3:E
272 0 0:#61;I2;:T1885:3:E
273 0 0:#2e;I2;:T1885:3:E
274 0 0:#26;I2;:T1885:3:E
275 0 0:#62;I2;:T1885:3:E
276 0 0:#27;I2;:T1885:3:E
277 0 0:#63;I2;:T1885:3:E
278 0 0:#2b;I2;:T1885:3:F
279 0 0:#28;I2;:T1885:3:F
280 0 0:#64;I2;:T1885:3:F
281 0 0:#1f;I3;:T1885:3:V
282 0 0:#55;I3;:T1885:3:V
283 0 0:#56;I3;:T1885:3:V
284 0 0:#21;I3;:T1885:3:V
285 0 0:#57;I3;:T1885:3:V
286 0 0:#58;I3;:T1885:3:V
287 0 0:#22;I3;:T1885:3:V
288 0 0:#59;I3;:T1885:3:V
289 0 0:#5a;I3;:T1885:3:V
290 0 0:#23;I3;:T1885:3:V
291 0 0:#5b;I3;:T1885:3:V
292 0 0:#5c;I3;:T1885:3:V
293 0 0:#20;I3;:T1885:3:V
294 0 0:#5d;I3;:T1885:3:V
295 0 0:#5e;I3;:T1885:3:V
296 0 0:#2f;I3;:T1885:3:E
297 0 0:#1e;I3;:T1885:3:E
298 0 0:#5f;I3;:T1885:3:E
299 0 0:#24;I3;:T1885:3:E
300 0 0:#60;I3;:T1885:3:E
301 0 0:#25;I3;:T1885:3:E
302 0 0:#61;I3;:T1885:3:E
303 0 0:#2e;I3;:T1885:3:E
304 0 0:#26;I3;:T1885:3:E
305 0 0:#62;I3;:T1885:3:E
306 0 0:#27;I3;:T1885:3:E
307 0 0:#63;I3;:T1885:3:E
308 0 0:#2b;I3;:T1885:3:F
309 0 0:#28;I3;:T1885:3:F
310 0 0:#64;I3;:T1885:3:F
311 0 0:#65;:T1891:3:V
312 0 0:#66;:T1891:3:V
313 0 0:#8f;:G#c9;CUT;:T-1891:3:V
314 0 0:#a4;:G3#cf;CUT;:T1891:3:V
315 0 0:#a4;:G2#d8;CUT;:T1891:3:V
316 0 0:#9a;:G#db;CUT;:T-1891:3:V
317 0 0:#a4;:G#dc;CUT;:T1891:3:V
318 0 0:#67;:T1891:3:V
319 0 0:#68;:T1891:3:V
320 0 0:#69;:T1891:3:V
321 0 0:#83;:G3#bf;CUT;:T1891:3:V
322 0 0:#aa;:G#c0;CUT;:T-1891:3:V
323 0 0:#83;:G2#c1;CUT;:T1891:3:V
324 0 0:#83;:G#c2;CUT;:T1891:3:V
325 0 0:#8b;:G2#c3;CUT;:T-1891:3:V
326 0 0:#8b;:G#c4;CUT;:T-1891:3:V
327 0 0:#8f;:G2#c5;CUT;:T-1891:3:V
328 0 0:#95;:G3#c6;CUT;:T1891:3:V
329 0 0:#95;:G2#c7;CUT;:T1891:3:V
330 0 0:#9c;:G#c8;CUT;:T-1891:3:V
331 0 0:#9a;:G2#ca;CUT;:T-1891:3:V
332 0 0:#9c;:G2#cb;CUT;:T-1891:3:V
333 0 0:#9d;:G2#cc;CUT;:T-1891:3:V
334 0 0:#9d;:G#cd;CUT;:T-1891:3:V
335 0 0:#95;:G#ce;CUT;:T1891:3:V
336 0 0:#6a;:T1891:3:V
337 0 0:#6b;:T1891:3:V
338 0 0:#6c;:T1891:3:V
339 0 0:#6d;:T1891:3:V
340 0 0:#6e;:T1891:3:V
341 0 0:#6f;:T1891:3:V
342 0 0:#70;:T1891:3:V
343 0 0:#a5;:G3#d0;CUT;:T1891:3:V
344 0 0:#ac;:G#d1;CUT;:T-1891:3:V
345 0 0:#aa;:G2#d2;CUT;:T-1891:3:V
346 0 0:#ac;:G2#d3;CUT;:T-1891:3:V
347 0 0:#ad;:G2#d4;CUT;:T-1891:3:V
348 0 0:#ad;:G#d5;CUT;:T-1891:3:V
349 0 0:#a5;:G2#d6;CUT;:T1891:3:V
350 0 0:#a5;:G#d7;CUT;:T1891:3:V
351 0 0:#b7;:G#d9;CUT;:T-1891:3:V
352 0 0:#b7;:G2#da;CUT;:T-1891:3:V
353 0 0:#73;:T1891:3:E
354 0 0:#94;:M;CUT;:T1891:3:E
355 0 0:#8e;:G2#a3;CUT;:T-1891:3:E
356 0 0:#a4;:M;CUT;:T1891:3:E
357 0 0:#99;:G2#b2;CUT;:T-1891:3:E
358 0 0:#9f;:G2#bb;CUT;:T-1891:3:E
359 0 0:#a4;:M2;CUT;:T1891:3:E
360 0 0:#71;:T1891:3:E
361 0 0:#72;:T1891:3:E
362 0 0:#83;:M;CUT;:T1891:3:E
363 0 0:#86;:G2#85;CUT;:T-1891:3:E
364 0 0:#88;:G2#87;CUT;:T-1891:3:E
365 0 0:#83;:M2;CUT;:T1891:3:E
366 0 0:#8a;:G2#89;CUT;:T-1891:3:E
367 0 0:#8b;:M;CUT;:T-1891:3:E
368 0 0:#8e;:G4#8d;CUT;:T-1891:3:E
369 0 0:#8f;:M;CUT;:T-1891:3:E
370 0 0:#8e;:G3#91;CUT;:T-1891:3:E
371 0 0:#93;:G2#92;CUT;:T-1891:3:E
372 0 0:#95;:M;CUT;:T1891:3:E
373 0 0:#97;:G2#96;CUT;:T-1891:3:E
374 0 0:#99;:G3#98;CUT;:T-1891:3:E
375 0 0:#9a;:M;CUT;:T-1891:3:E
376 0 0:#99;:G4#9b;CUT;:T-1891:3:E
377 0 0:#9c;:M;CUT;:T-1891:3:E
378 0 0:#9d;:M;CUT;:T-1891:3:E
379 0 0:#9f;:G4#9e;CUT;:T-1891:3:E
380 0 0:#9f;:G3#a0;CUT;:T-1891:3:E
381 0 0:#a2;:G2#a1;CUT;:T-1891:3:E
382 0 0:#95;:M2;CUT;:T1891:3:E
383 0 0:#74;:T1891:3:E
384 0 0:#75;:T1891:3:E
385 0 0:#76;:T1891:3:E
386 0 0:#77;:T1891:3:E
387 0 0:#78;:T1891:3:E
388 0 0:#79;:T1891:3:E
389 0 0:#7a;:T1891:3:E
390 0 0:#7b;:T1891:3:E
391 0 0:#7c;:T1891:3:E
392 0 0:#a5;:M;CUT;:T1891:3:E
393 0 0:#a8;:G2#a7;CUT;:T-1891:3:E
394 0 0:#86;:G3#a9;CUT;:T-1891:3:E
395 0 0:#aa;:M;CUT;:T-1891:3:E
396 0 0:#86;:G4#ab;CUT;:T-1891:3:E
397 0 0:#ac;:M;CUT;:T-1891:3:E
398 0 0:#ad;:M;CUT;:T-1891:3:E
399 0 0:#88;:G4#ae;CUT;:T-1891:3:E
400 0 0:#88;:G3#af;CUT;:T-1891:3:E
401 0 0:#b1;:G2#b0;CUT;:T-1891:3:E
402 0 0:#a5;:M2;CUT;:T1891:3:E
403 0 0:#b4;:G2#b3;CUT;:T-1891:3:E
404 0 0:#8a;:G3#b5;CUT;:T-1891:3:E
405 0 0:#8a;:G4#b6;CUT;:T-1891:3:E
406 0 0:#b7;:M;CUT;:T-1891:3:E
407 0 0:#93;:G3#b8;CUT;:T-1891:3:E
408 0 0:#7d;:T1891:3:E
409 0 0:#7e;:T1891:3:E
410 0 0:#a2;:G3#b9;CUT;:T-1891:3:E
411 0 0:#97;:G3#ba;CUT;:T-1891:3:E
412 0 0:#b4;:G3#bc;CUT;:T-1891:3:E
413 0 0:#b1;:G3#bd;CUT;:T-1891:3:E
414 0 0:#a8;:G3#be;CUT;:T-1891:3:E
415 0 0:#84;:M;CUT;:T1891:3:F
416 0 0:#8e;:M;CUT;:T-1891:3:F
417 0 0:#90;:M;CUT;:T1891:3:F
418 0 0:#99;:M;CUT;:T-1891:3:F
419 0 0:#9f;:M;CUT;:T-1891:3:F
420 0 0:#90;:M2;CUT;:T1891:3:F
421 0 0:#7f;:T1891:3:F
422 0 0:#80;:T1891:3:F
423 0 0:#a6;:M;CUT;:T1891:3:F
424 0 0:#86;:M;CUT;:T-1891:3:F
425 0 0:#88;:M;CUT;:T-1891:3:F
426 0 0:#a6;:M2;CUT;:T1891:3:F
427 0 0:#8a;:M;CUT;:T-1891:3:F
428 0 0:#93;:M;CUT;:T-1891:3:F
429 0 0:#8c;:M;CUT;:T1891:3:F
430 0 0:#97;:M;CUT;:T-1891:3:F
431 0 0:#a2;:M;CUT;:T-1891:3:F
432 0 0:#81;:T1891:3:F
433 0 0:#82;:T1891:3:F
434 0 0:#a8;:M;CUT;:T-1891:3:F
435 0 0:#b1;:M;CUT;:T-1891:3:F
436 0 0:#b4;:M;CUT;:T-1891:3:F
]]>
  </StringHasher>
  <Properties Count="19" TransientCount="3">
    <_Property name="FileName" type="App::PropertyString" status="50331649"/>
    <_Property name="Tip" type="App::PropertyLink" status="33554433"/>
    <_Property name="TransientDir" type="App::PropertyString" status="50331649"/>
    <Property name="Comment" type="App::PropertyString">
      <String value=""/>
    </Property>
    <Property name="Company" type="App::PropertyString">
      <String value=""/>
    </Property>
    <Property name="CreatedBy" type="App::PropertyString" status="1">
      <String value="FreeCAD PartToolBox authors"/>
    </Property>
    <Property name="CreationDate" type="App::PropertyString" status="16777217">
      <String value="2021-07-28T04:01:06Z"/>
    </Property>
    <Property name="ForceXML" type="App::PropertyInteger" status="1">
      <Integer value="3"/>
    </Property>
    <Property name="Id" type="App::PropertyString">
      <String value=""/>
    </Property>
    <Property name="Label" type="App::PropertyString" status="1">
      <String value="TypeH_CrossRecess"/>
    </Property>
    <Property name="LastModifiedBy" type="App::PropertyString" status="1">
      <String value="Alex Neufeld"/>
    </Property>
    <Property name="LastModifiedDate" type="App::PropertyString" status="16777217">
      <String value="2021-08-08T03:59:25Z"/>
    </Property>
    <Property name="License" type="App::PropertyString" status="1">
      <String value="LGPL-3.0-or-later"/>
    </Property>
    <Property name="LicenseURL" type="App::PropertyString" status="1">
      <String value="https://www.gnu.org/licenses/lgpl-3.0-standalone.html"/>
    </Property>
    <Property name="Material" type="App::PropertyMap" status="1">
      <Map count="0">
      </Map>
    </Property>
    <Property name="Meta" type="App::PropertyMap" status="1">
      <Map count="0">
      </Map>
    </Property>
    <Property name="PreferBinary" type="App::PropertyBool" status="1">
      <Bool value="false"/>
    </Property>
    <Property name="ShowHidden" type="App::PropertyBool" status="1">
      <Bool value="false"/>
    </Property>
    <Property name="SplitXML" type="App::PropertyBool" status="1">
      <Bool value="false"/>
    </Property>
    <Property name="TipName" type="App::PropertyString" status="83886080">
      <String value=""/>
    </Property>
    <Property name="Uid" type="App::PropertyUUID" status="16777217">
      <Uuid value="43c9e432-033f-4fb9-8621-b14a96768f99"/>
    </Property>
    <Property name="UseHasher" type="App::PropertyBool" status="1">
      <Bool value="true"/>
    </Property>
  </Properties>
  <Objects Count="13" Dependencies="1">
    <ObjectDeps Name="Body" Count="6">
      <Dep Name="Sketch003"/>
      <Dep Name="Origin001"/>
      <Dep Name="Revolution"/>
      <Dep Name="Sketch004"/>
      <Dep Name="PolarPattern"/>
      <Dep Name="Pocket001"/>
    </ObjectDeps>
    <ObjectDeps Name="Origin001" Count="6">
      <Dep Name="X_Axis"/>
      <Dep Name="XZ_Plane"/>
      <Dep Name="Y_Axis"/>
      <Dep Name="XY_Plane"/>
      <Dep Name="Z_Axis"/>
      <Dep Name="YZ_Plane"/>
    </ObjectDeps>
    <ObjectDeps Name="X_Axis" Count="0"/>
    <ObjectDeps Name="Y_Axis" Count="0"/>
    <ObjectDeps Name="Z_Axis" Count="0"/>
    <ObjectDeps Name="XY_Plane" Count="0"/>
    <ObjectDeps Name="XZ_Plane" Count="0"/>
    <ObjectDeps Name="YZ_Plane" Count="0"/>
    <ObjectDeps Name="Sketch003" Count="2">
      <Dep Name="Body"/>
      <Dep Name="YZ_Plane"/>
    </ObjectDeps>
    <ObjectDeps Name="Revolution" Count="2">
      <Dep Name="Body"/>
      <Dep Name="Sketch003"/>
    </ObjectDeps>
    <ObjectDeps Name="Sketch004" Count="2">
      <Dep Name="Body"/>
      <Dep Name="XY_Plane"/>
    </ObjectDeps>
    <ObjectDeps Name="Pocket001" Count="3">
      <Dep Name="Body"/>
      <Dep Name="Revolution"/>
      <Dep Name="Sketch004"/>
    </ObjectDeps>
    <ObjectDeps Name="PolarPattern" Count="3">
      <Dep Name="Body"/>
      <Dep Name="Z_Axis"/>
      <Dep Name="Pocket001"/>
    </ObjectDeps>
    <Object type="PartDesign::Body" name="Body" id="1853" revision="586" />
    <Object type="App::Origin" name="Origin001" id="1854" revision="0" />
    <Object type="App::Line" name="X_Axis" id="1855" revision="1" />
    <Object type="App::Line" name="Y_Axis" id="1856" revision="2" />
    <Object type="App::Line" name="Z_Axis" id="1857" revision="2" />
    <Object type="App::Plane" name="XY_Plane" id="1858" revision="1" />
    <Object type="App::Plane" name="XZ_Plane" id="1859" revision="2" />
    <Object type="App::Plane" name="YZ_Plane" id="1860" revision="2" />
    <Object type="Sketcher::SketchObject" name="Sketch003" id="1882" revision="137" />
    <Object type="PartDesign::Revolution" name="Revolution" id="1883" revision="70" />
    <Object type="Sketcher::SketchObject" name="Sketch004" id="1885" revision="367" />
    <Object type="PartDesign::Pocket" name="Pocket001" id="1891" revision="60" />
    <Object type="PartDesign::PolarPattern" name="PolarPattern" id="1892" revision="73" />
  </Objects>
  <ObjectData Count="13">
    <Object name="Body" Extensions="True">
      <Extensions Count="1">
        <Extension type="App::OriginGroupExtension" name="OriginGroupExtension">
        </Extension>
      </Extensions>
      <Properties Count="27" TransientCount="2">
        <_Property name="_ElementMapVersion" type="App::PropertyString" status="234881024"/>
        <_Property name="_GroupTouched" type="App::PropertyBool" status="100663424"/>
        <Property name="AutoGroupSolids" type="App::PropertyBool" status="134217728">
          <Bool value="false"/>
        </Property>
        <Property name="BaseFeature" type="App::PropertyLink">
          <Link value=""/>
        </Property>
        <Property name="ColoredElements" type="App::PropertyLinkSubHidden" status="218103808">
          <LinkSub value="" count="0">
          </LinkSub>
        </Property>
        <Property name="Depth" type="App::PropertyLength" group="Parameters" attr="0" ro="0" hide="0" doc="" status="2097152">
          <Float value="4"/>
        </Property>
        <Property name="Dimensions" type="App::PropertyPythonObject" group="Parameters" attr="0" ro="0" hide="0" doc="" status="2097160">
          <Python  json="yes" cdata="1">
<![CDATA[
{
  "0": [
    0.61,
    0.26,
    0.81,
    0.34,
    0.3,
    0.22,
    138,
    7
  ],
  "1": [
    0.97,
    0.41,
    1.27,
    0.54,
    0.5,
    0.34,
    138,
    7
  ],
  "2": [
    1.47,
    0.79,
    2.29,
    0.7,
    0.6,
    0.61,
    140,
    5.75
  ],
  "3": [
    2.41,
    1.98,
    3.81,
    0.83,
    0.8,
    1.01,
    146,
    5.75
  ],
  "4": [
    3.48,
    2.39,
    5.08,
    1.23,
    1,
    1.35,
    153,
    7
  ]
}
]]>
          </Python>
        </Property>
        <Property name="ExportMode" type="App::PropertyEnumeration" status="8">
          <Integer value="0"/>
        </Property>
        <Property name="ExpressionEngine" type="App::PropertyExpressionEngine" status="67108864">
          <ExpressionEngine count="9" cdata="1">
            <Expressions><![CDATA[
0:Label
0:<<No. %s Cross recess - Type H>> % .Size.Enum[.Size]
0:

0:alpha
0:.Dimensions[.Size.Enum[.Size]][6]
0:

0:b
0:.Dimensions[.Size.Enum[.Size]][0]
0:

0:beta
0:.Dimensions[.Size.Enum[.Size]][7]
0:

0:e_min
0:.Dimensions[.Size.Enum[.Size]][1]
0:

0:f_mean
0:.Dimensions[.Size.Enum[.Size]][3]
0:

0:g
0:.Dimensions[.Size.Enum[.Size]][2]
0:

0:r
0:.Dimensions[.Size.Enum[.Size]][4]
0:

0:t1
0:.Dimensions[.Size.Enum[.Size]][5]
0:

]]>
            </Expressions>
          </ExpressionEngine>
        </Property>
        <Property name="Group" type="App::PropertyLinkList">
          <LinkList count="5">
            <Link value="Sketch003"/>
            <Link value="Revolution"/>
            <Link value="Sketch004"/>
            <Link value="Pocket001"/>
            <Link value="PolarPattern"/>
          </LinkList>
        </Property>
        <Property name="Label" type="App::PropertyString" status="134217728">
          <String value="No. 3 Cross recess - Type H"/>
        </Property>
        <Property name="Label2" type="App::PropertyString" status="128">
          <String value=""/>
        </Property>
        <Property name="Origin" type="App::PropertyLink" status="67108864">
          <Link value="Origin001"/>
        </Property>
        <Property name="Placement" type="App::PropertyPlacement" status="8388608">
          <PropertyPlacement Px="0" Py="0" Pz="0" Q0="0" Q1="0" Q2="0" Q3="1" A="0" Ox="0" Oy="0" Oz="1"/>
        </Property>
        <Property name="Shape" type="Part::PropertyPartShape">
          <Part HasherIndex="0" ElementMap="1.15.70200.3.0" brep="1">
<![CDATA[

CASCADE Topology V1, (c) Matra-Datavision
Locations 26
1
              1               0               0               0 
              0               1               0               0 
              0               0               1               0 
1
              0              -0               1               0 
              1               0               0               0 
             -0               1               0               0 
1
             -0               0               1               0 
              1              -0               0               0 
              0               1              -0               0 
1
              1               0               0               0 
              0               1               0               0 
              0               0               1               0 
2  2 1 3 -1 4 1 0
1
              0              -0               1               0 
              1               0               0               0 
             -0               1               0               0 
2  6 -1 4 -1 3 1 2 -1 0
1
              1               0               0               0 
              0               1               0               0 
              0               0               1               0 
1
              0              -0               1               0 
              1               0              -0               0 
             -0               1               0               0 
1
             -0               0               1               0 
              1              -0               0               0 
              0               1              -0               0 
2  8 1 9 1 10 -1 2 1 3 -1 4 1 0
2  10 1 9 -1 8 -1 0
2  6 -1 4 -1 3 1 2 -1 10 1 9 -1 8 -1 0
2  6 -1 0
2  2 1 3 -1 0
2  6 -1 4 -1 0
1
              1              -0               0               0 
              0               1              -0               0 
             -0               0               1               0 
1
             -1           1e-15          -1e-30               0 
          1e-15               1          -1e-15               0 
             -0          -1e-15              -1               0 
2  17 1 18 1 0
2  6 -1 18 -1 17 -1 0
1
              0           1e-15               1               0 
             -0               1          -1e-15               0 
             -1               0               0               0 
2  17 1 21 1 0
2  6 -1 21 -1 17 -1 0
1
             -0               0              -1               0 
          1e-15               1               0               0 
              1          -1e-15              -0               0 
2  17 1 24 1 0
2  6 -1 24 -1 17 -1 0
Curve2ds 30
1 0 0 1 0 
1 6.2831853071795862 0 0 1 
1 0 0 0 1 
7 0 0  7 8 2  0 1.4618688527447099  0.09170342190595715 1.5053921234125813  0.18022153327726897 1.5655810366185392  0.26435672129057508 1.6431640875068751  0.34324446567891442 1.7392880241629882  0.41652351061973292 1.8555489374563194  0.48415117820341091 1.9940561280371019  0.54628583465789138 2.1575459465626157 
 0.31880570601343983 8 1.0274099780729582 8
1 0 2.1575459465626201 1 0 
1 0 -9.9999999999999998e-17 1 0 
7 0 0  7 8 2  1.0245104921370045 2.1575459465626237  1.0941546693918429 1.9742969426980326  1.1706999485117535 1.8224342210911004  1.2543686446762194 1.6981045897109652  1.3450685940823632 1.5984444205250838  1.4421763836596142 1.521378697134935  1.5442104836514905 1.4655179887465544  1.6492791066851211 1.4301178410777289 
 -1.0274099780729546 8 -0.23316463508949217 8
7 0 0  7 8 2  1.4923135469046724 1.430117841077724  1.5973821699383035 1.4655179887465497  1.6994162699302251 1.5213786971345939  1.7965240595067371 1.5984444205259933  1.8872240089146999 1.6981045897102831  1.9708927050778584 1.8224342210913278  2.0474379841979529 1.9742969426980315  2.1170821614527915 2.1575459465626241 
 0.23316463508949278 8 1.0274099780729595 8
7 0 0  7 8 2  2.5953068189318982 2.1575459465626228  2.6649509961867368 1.9742969426980306  2.7414962753065311 1.8224342210914415  2.8251649714709401 1.6981045897105105  2.9158649208775387 1.5984444205255386  3.0129727104545054 1.5213786971345371  3.1150068104463848 1.4655179887465499  3.2200754334800159 1.430117841077724 
 -1.0274099780729591 8 -0.23316463508949398 8
7 0 0  7 8 2  3.0631098736995712 1.4301178410777227  3.1681784967332023 1.4655179887465486  3.2702125967249458 1.5213786971346508  3.3673203863031631 1.5984444205250838  3.4580203357090795 1.6981045897109652  3.5416890318729202 1.8224342210911004  3.6182343109928494 1.9742969426980295  3.687878488247688 2.1575459465626214 
 0.23316463508949486 8 1.0274099780729598 8
7 0 0  7 8 2  4.1661031457267974 2.1575459465626232  4.2357473229816351 1.9742969426980337  4.3122926021015928 1.8224342210910436  4.3959612982657745 1.6981045897116473  4.4866612476721457 1.5984444205246291  4.5837690372495672 1.521378697134935  4.6858031372412787 1.465517988746557  4.790871760274908 1.4301178410777307 
 -1.0274099780729538 8 -0.23316463508949864 8
7 0 0  7 8 2  4.6339062004944678 1.4301178410777255  4.7389748235280988 1.4655179887465515  4.8410089235212581 1.5213786971347076  4.9381167130945869 1.5984444205250838  5.0288166625068698 1.6981045897111926  5.1124853586668451 1.8224342210913846  5.1890306377877451 1.9742969426980332  5.2586748150425837 2.157545946562625 
 0.23316463508949534 8 1.0274099780729586 8
7 0 0  7 8 2  5.736899472521694 2.157545946562625  5.7990341289761744 1.9940561280371123  5.8666617965593559 1.8555489374565468  5.9399408415019934 1.7392880241620787  6.0188285858903328 1.6431640875071025  6.1029637739011378 1.565581036618255  6.1914818852736291 1.505392123412588  6.2831853071795862 1.4618688527447166 
 -1.0274099780729546 8 -0.3188057060134396 8
7 0 0  5 6 2  0.54628583465789315 -1.7899999999999999e-15  0.55233599990386939 0.04098798727771797  0.55831356018590039 0.082743249149415554  0.56421902680247626 0.12527934340146341  0.57005295661810973 0.16861033518784183  0.57581594373685219 0.21275082495980416 
 1.2259427582472218 6 1.288944989327913 6
7 0 0  6 7 2  0.54636836282000212 2.09e-15  0.55935445898414848 0.50476607464635348  0.57049815486627153 1.0831879478661932  0.5801169206676775 1.7485315771324395  0.58846045689805493 2.517313595112725  0.59572845813162645 3.410375049625622  0.60208324946372938 4.4551798475449944 
 2.894341283969224 7 3.6194831317442984 7
1 0 4.45517984754499 1 0 
7 0 0  6 7 2  0.96871307733116763 4.4551798475449909  0.97506786866327078 3.4103750496256184  0.9823358698968363 2.5173135951127534  0.9906794061271853 1.7485315771324679  1.0002981719286339 1.0831879478662216  1.0114418678107506 0.50476607464634982  1.0244279639748974 -9.8999999999999992e-16 
 -3.6194831317442553 7 -2.8943412839691804 7
7 0 0  5 6 2  0.9949803830580457 0.21275082495980258  1.0007433701767883 0.16861033518784052  1.0065772999924256 0.12527934340146385  1.0124827666089988 0.082743249149414444  1.0184603268910288 0.040987987277718053  1.024510492137005 -1.49e-15 
 -1.2889449893279086 6 -1.2259427582472175 6
7 0 0  5 6 2  2.1170821614527906 0  2.1231323266987667 0.040987987277719372  2.1291098869807925 0.082743249149415776  2.1350153535973817 0.12527934340146341  2.1408492834130066 0.16861033518784169  2.1466122705317492 0.21275082495980355 
 1.2259427582472244 6 1.288944989327915 6
7 0 0  6 7 2  2.1171646896148992 2.7799999999999998e-15  2.1301507857790454 0.50476607464635415  2.1412944816612196 1.0831879478662216  2.150913247462455 1.7485315771324963  2.1592567836930243 2.5173135951127392  2.1665247849265232 3.4103750496256247  2.1728795762586262 4.4551798475449971 
 2.8943412839692351 7 3.6194831317443095 7
7 0 0  6 7 2  2.5395094041260631 4.4551798475449935  2.545864195458166 3.4103750496256211  2.5531321966917346 2.5173135951127819  2.5614757329220197 1.7485315771323826  2.5710944987235109 1.0831879478662358  2.5822381946056447 0.50476607464635259  2.5952242907697913 1.59e-15 
 -3.6194831317442766 7 -2.8943412839692022 7
7 0 0  5 6 2  2.5657767098529409 0.2127508249597963  2.5715396969716831 0.16861033518783691  2.5773736267873204 0.1252793434014563  2.5832790934038954 0.082743249149417331  2.5892566536859225 0.040987987277721412  2.5953068189318982 4.1700000000000003e-15 
 -1.2889449893279117 6 -1.2259427582472244 6
7 0 0  5 6 2  3.687878488247688 4.1700000000000003e-15  3.6939286534936642 0.040987987277723147  3.6999062137756979 0.082743249149421549  3.70581168039228 0.12527934340146585  3.7116456102079041 0.16861033518784424  3.7174085973266466 0.21275082495980563 
 1.2259427582472264 6 1.2889449893279163 6
7 0 0  6 7 2  3.6879610164097949 5.9999999999999999e-16  3.7009471125739415 0.50476607464635148  3.7120908084559687 1.0831879478661932  3.7217095742575452 1.7485315771325531  3.730053110487745 2.5173135951127108  3.7373211117214198 3.4103750496256207  3.7436759030535227 4.4551798475449926 
 2.8943412839692249 7 3.6194831317442993 7
7 0 0  6 7 2  4.1103057309209605 4.4551798475449917  4.1166605222530634 3.4103750496256193  4.1239285234865974 2.5173135951127819  4.1322720597170814 1.7485315771323826  4.1418908255183737 1.0831879478662358  4.153034521400544 0.50476607464635226  4.1660206175646906 1.3899999999999999e-15 
 -3.6194831317442446 7 -2.8943412839691698 7
7 0 0  5 6 2  4.1365730366478397 0.21275082495980593  4.1423360237665818 0.16861033518784357  4.1481699535822187 0.12527934340146119  4.1540754201987937 0.082743249149420217  4.1600529804808231 0.040987987277719892  4.1661031457267992 9.9999999999999998e-17 
 -1.2889449893279052 6 -1.2259427582472138 6
7 0 0  5 6 2  5.2586748150425837 1.7899999999999999e-15  5.2647249802885598 0.040987987277721127  5.2707025405706034 0.082743249149418219  5.2766080071871642 0.12527934340146452  5.2824419370028002 0.1686103351878438  5.2882049241215423 0.21275082495980563 
 1.2259427582472222 6 1.2889449893279128 6
7 0 0  6 7 2  5.2587573432046915 -9.9999999999999998e-17  5.271743439368838 0.50476607464635115  5.2828871352509736 1.0831879478662358  5.2925059010522091 1.7485315771323826  5.3008494372828068 2.5173135951127819  5.3081174385163159 3.4103750496256198  5.3144722298484188 4.4551798475449926 
 2.8943412839692177 7 3.6194831317442926 7
7 0 0  6 7 2  5.6811020577158571 4.4551798475449926  5.68745684904796 3.4103750496256202  5.6947248502816592 2.517313595112725  5.7030683865117453 1.7485315771324963  5.7126871523133786 1.083187947866179  5.7238308481954405 0.50476607464635237  5.7368169443595871 1.19e-15 
 -3.6194831317442535 7 -2.8943412839691787 7
7 0 0  5 6 2  5.7073693634427354 0.21275082495980613  5.7131323505614775 0.16861033518784374  5.7189662803771313 0.1252793434014623  5.7248717469936921 0.082743249149420217  5.7308493072757187 0.040987987277720031  5.7368994725216949 2e-16 
 -1.2889449893279077 6 -1.2259427582472162 6
Curves 61
1 2.6599999999999998e-15 1.3299999999999999e-15 -4.0000000000000036 -7.9999999999999998e-16 0.8829475928589271 0.46947156278589064 
5 -0.34389870471141859 1.1191823569117227 -3.9681392336270171 -0.29237170472273688 0.951493126036841 -0.095810319810347322 -0.028141689292704008 0.091584183710474484 0.9953996095126012 0.95589059604186588 0.29372294496468321 7.0082828429463007e-16 0.62541683027991368 1.1692924760562395
2 2.6500000000000001e-15 -5.0000000000000004e-16 -2.9870935326848849 4.4e-16 -6.0999999999999995e-16 -1 -1.1e-16 1 -6.0999999999999995e-16 1 1.1000000000000027e-16 4.3999999999999995e-16 1.9050000000000005
5 1.1191823569117314 -0.34389870471142531 -3.9681392336270118 0.95149312603684111 -0.2923717047227371 -0.095810319810345532 0.091584183710473041 -0.028141689292702627 0.99539960951260142 -0.29372294496468332 -0.95589059604186588 2.1163626406917047e-16 0.62541683027991546 1.1692924760562426
5 1.1191823569117274 0.34389870471141987 -3.9681392336270118 0.95149312603684111 0.29237170472273688 -0.095810319810346198 0.091584183710473402 0.028141689292703723 0.99539960951260131 0.29372294496468321 -0.95589059604186588 7.4593109467002705e-16 0.62541683027991313 1.1692924760562384
2 2.6500000000000001e-15 -5.0000000000000004e-16 -2.9870935326848849 4.4e-16 -6.0999999999999995e-16 -1 -1.1e-16 1 -6.0999999999999995e-16 1 1.1000000000000027e-16 4.3999999999999995e-16 1.9050000000000005
5 -0.34389870471141848 -1.1191823569117252 -3.9681392336270118 -0.29237170472273716 -0.951493126036841 -0.09581031981034617 -0.02814168929270397 -0.091584183710473291 0.99539960951260131 -0.95589059604186588 0.29372294496468354 -9.8532293435482663e-16 0.62541683027991291 1.169292476056238
5 0.34389870471142464 -1.1191823569117245 -3.9681392336270136 0.29237170472273677 -0.95149312603684122 -0.09581031981034599 0.028141689292702245 -0.091584183710473638 0.99539960951260131 -0.95589059604186599 -0.29372294496468293 -7.1470607210244452e-16 0.62541683027991257 1.1692924760562371
2 2.6500000000000001e-15 -5.0000000000000004e-16 -2.9870935326848849 4.4e-16 -6.0999999999999995e-16 -1 -1.1e-16 1 -6.0999999999999995e-16 1 1.1000000000000027e-16 4.3999999999999995e-16 1.9050000000000005
5 -1.1191823569117254 0.34389870471142175 -3.9681392336270171 -0.951493126036841 0.29237170472273721 -0.095810319810347072 -0.091584183710474387 0.028141689292703501 0.99539960951260131 0.29372294496468349 0.95589059604186577 -2.1510571102112403e-16 0.62541683027991612 1.1692924760562442
5 -1.1191823569117219 -0.34389870471142392 -3.9681392336270154 -0.951493126036841 -0.29237170472273682 -0.095810319810347239 -0.091584183710474831 -0.028141689292702589 0.9953996095126012 -0.2937229449646831 0.95589059604186599 -7.4940054162198076e-16 0.6254168302799139 1.1692924760562398
2 2.6500000000000001e-15 -5.0000000000000004e-16 -2.9870935326848849 4.4e-16 -6.0999999999999995e-16 -1 -1.1e-16 1 -6.0999999999999995e-16 1 1.1000000000000027e-16 4.3999999999999995e-16 1.9050000000000005
5 0.34389870471142697 1.1191823569117265 -3.9681392336270118 0.29237170472273716 0.951493126036841 -0.095810319810346559 0.028141689292702186 0.091584183710474248 0.9953996095126012 0.95589059604186588 -0.29372294496468337 9.9226182825873386e-16 0.62541683027991557 1.1692924760562431
1 -0.98999999999997446 3.6306052785952763 -16.902341235361082 -1.4000000000000001e-15 -0.10018806161207608 0.99496851825091182 
1 0.47761516246618796 1.8718797743058795 1 0.95589059604186599 0.29372294496468315 7.0000000000000003e-16 
1 2.5280000000000001e-14 3.3294547995116583 -16.932665494068257 -1.4000000000000001e-15 -0.10018806161207608 0.99496851825091182 
5 -0.27381792139345407 0.89111177922858364 -6.4469664150188812 -0.29237170472273688 0.951493126036841 -0.095810319810347322 -0.028141689292704008 0.091584183710474484 0.9953996095126012 0.95589059604186588 0.29372294496468321 7.0082828429463007e-16 1.8784094972410312 0.91469497158148783
5 -0.14408320175900127 0.14845181335740748 -6.7477984905526096 -0.69465837045899737 0.71572045526185424 -0.072069260236348923 -0.050194037951345784 0.051715924289849467 0.9973996299021699 0.71758644559759444 0.69646944878767703 2.7755575615628909e-16 0.41601196673135937 0.20469247446084965
2 -8.9000000000000007e-16 1.7e-16 1 4.4e-16 -6.0999999999999995e-16 -1 -1.1e-16 1 -6.0999999999999995e-16 1 1.1000000000000027e-16 4.3999999999999995e-16 3.8928915049854664
5 0.14845181335742322 -0.14408320175901673 -6.7477984905526078 0.71572045526185446 -0.69465837045899748 -0.072069260236346452 0.051715924289847719 -0.050194037951344035 0.99739962990217013 -0.69646944878767703 -0.71758644559759444 -2.4980018054066017e-16 0.41601196673137691 0.20469247446085836
5 0.89111177922859519 -0.27381792139346406 -6.4469664150188795 0.95149312603684111 -0.2923717047227371 -0.095810319810345532 0.091584183710473041 -0.028141689292702627 0.99539960951260142 -0.29372294496468332 -0.95589059604186588 2.1163626406917047e-16 1.8784094972410375 0.91469497158149071
1 -16.932665494068257 1.911e-14 3.3294547995116601 0.99496851825091182 -1.01e-15 -0.10018806161207619 
1 1.7199095058461491 -0.0169561775974271 1.0000000000000016 -0.29372294496468332 -0.95589059604186588 2.2e-16 
1 -16.902341235361082 0.99000000000002009 3.6306052785952763 0.99496851825091182 -1.01e-15 -0.10018806161207619 
1 -16.902341235361082 -0.98999999999998056 3.6306052785952785 0.99496851825091182 -1.01e-15 -0.10018806161207619 
1 1.8718797743058782 -0.47761516246618763 1.0000000000000007 0.29372294496468315 -0.95589059604186599 7.3999999999999999e-16 
5 0.89111177922859053 0.27381792139345601 -6.4469664150188795 0.95149312603684111 0.29237170472273688 -0.095810319810346198 0.091584183710473402 0.028141689292703723 0.99539960951260131 0.29372294496468321 -0.95589059604186588 7.4593109467002705e-16 1.8784094972410275 0.91469497158148572
5 0.14845181335741522 0.14408320175900224 -6.7477984905526096 0.71572045526185435 0.69465837045899737 -0.072069260236347993 0.051715924289848302 0.050194037951345638 0.9973996299021699 0.69646944878767703 -0.71758644559759444 9.9226182825873366e-16 0.41601196673135482 0.2046924744608474
2 -8.9000000000000007e-16 1.7e-16 1 4.4e-16 -6.0999999999999995e-16 -1 -1.1e-16 1 -6.0999999999999995e-16 1 1.1000000000000027e-16 4.3999999999999995e-16 3.8928915049854664
5 -0.14408320175900433 -0.14845181335741742 -6.7477984905526096 -0.69465837045899737 -0.71572045526185435 -0.07206926023634759 -0.050194037951345374 -0.051715924289848038 0.99739962990217013 -0.71758644559759444 0.69646944878767703 -9.8532293435482623e-16 0.4160119667313682 0.20469247446085406
5 -0.27381792139345396 -0.89111177922858864 -6.4469664150188795 -0.29237170472273716 -0.951493126036841 -0.09581031981034617 -0.02814168929270397 -0.091584183710473291 0.99539960951260131 -0.95589059604186588 0.29372294496468354 -9.8532293435482663e-16 1.8784094972410292 0.91469497158148672
1 -0.016956177597427041 -1.7199095058461447 0.99999999999999756 -0.95589059604186588 0.29372294496468349 -1.0000000000000001e-15 
1 0.98999999999999455 -3.6306052785952758 16.902341235361071 3.2999999999999999e-16 0.10018806161207619 -0.9949685182509117 
1 -5.6400000000000001e-15 -3.3294547995116588 16.932665494068246 3.2999999999999999e-16 0.10018806161207619 -0.9949685182509117 
1 -0.47761516246618774 -1.8718797743058753 0.999999999999997 -0.95589059604186599 -0.29372294496468293 -7.0000000000000003e-16 
5 0.27381792139346439 -0.8911117792285872 -6.4469664150188777 0.29237170472273677 -0.95149312603684122 -0.09581031981034599 0.028141689292702245 -0.091584183710473638 0.99539960951260131 -0.95589059604186599 -0.29372294496468293 -7.1470607210244452e-16 1.8784094972410255 0.91469497158148483
1 -0.99000000000000521 -3.6306052785952754 16.902341235361071 3.2999999999999999e-16 0.10018806161207619 -0.9949685182509117 
