<?xml version='1.0' encoding='utf-8'?>
<!-- FreeCAD DocumentObject -->
<Document SchemaVersion="4" FileVersion="2">
<Object name="Pocket001">
  <Properties Count="35" TransientCount="2">
    <_Property name="_Body" type="App::PropertyLinkHidden" status="251658241"/>
    <_Property name="_ElementMapVersion" type="App::PropertyString" status="234881024"/>
    <Property name="AddSubShape" type="Part::PropertyPartShape">
      <Part HasherIndex="0" ElementMap="1.15.70200.3.0" brep="1">
<![CDATA[

CASCADE Topology V1, (c) Matra-Datavision
Locations 13
1
              1               0               0               0 
              0               1               0               0 
              0               0               1               0 
1
              1               0               0               0 
              0 0.994968518250912 -0.100188061612076               0 
              0 0.100188061612076 0.994968518250912           -2.99 
1
             -0               0               1               0 
              1              -0               0               0 
              0               1              -0               0 
1
              1               0               0 -2.01939022809447 
              0               1               0 20.0545820598584 
              0               0               1          -4e-15 
2  1 1 2 1 3 -1 4 1 0
1
              1               0               0 4.03878045618895 
              0               1               0 -40.1091641197167 
              0               0               1           9e-15 
2  1 1 2 1 3 -1 4 1 6 1 0
2  4 -1 3 1 2 -1 1 -1 0
2  6 -1 4 -1 3 1 2 -1 1 -1 0
2  2 -1 1 -1 0
2  3 -1 4 1 0
2  1 1 2 1 0
2  3 -1 4 1 6 1 0
Curve2ds 25
1 -6.4000000000000005e-16 0 3.1000000000000001e-16 -1 
1 15.240000000000006 -2.0000000000000001e-17 -2e-16 -1 
1 0 0 2.5999999999999998e-16 -1 
1 9.2167846084405838 2.0000000000000002e-15 3.1000000000000001e-16 -1 
1 0 0 1 -1.0000000000000001e-17 
1 1.2609999999999999e-14 -40.311993177659502 1 -1.0000000000000001e-17 
1 -2.0305531479650969 7.6200000000000001 0.69465837045899725 -0.71933980033865119 
1 1.0352348389222761 -4.2000000000000002e-16 2.5999999999999998e-16 -1 
1 0 0 1.2e-16 -1 
1 0 0 1 -0 
1 1.027e-14 -40.311993177659495 1 -0 
1 4.3719634290058043 0.98999999999999932 0.29237170472273688 -0.95630475596303544 
1 1.0352348389222767 4.1000000000000001e-16 1.2e-16 -1 
1 0 0 -4.0000000000000003e-17 -1 
1 0 0 1 -1.0000000000000001e-17 
1 4.5399999999999996e-15 -40.311993177659502 1 -1.0000000000000001e-17 
1 4.6746368036498787 -0 -0.29237170472273694 -0.95630475596303544 
1 9.2167846084405873 -2.0500000000000002e-15 -4.0000000000000003e-17 -1 
1 0 0 -2e-16 -1 
1 0 0 1 1.0000000000000001e-17 
1 -7.1999999999999997e-16 -40.311993177659502 1 1.0000000000000001e-17 
1 4.3719634290058034 -0.98999999999999999 -0.69465837045899725 -0.71933980033865119 
1 0 0 1 0 
1 -7.9799999999999995e-15 -40.311993177659495 1 0 
1 -2.0305531479650969 -7.620000000000001 0 1 
Curves 10
1 -10.000907710260915 16.26088551007517 -7.6200000000000063 0.1001880616120763 -0.9949685182509117 2.2e-16 
1 -3.6306052785952772 16.902341235361071 -0.99000000000000332 0.1001880616120763 -0.9949685182509117 2.2e-16 
1 -7.6200000000000001 -8.0218794220719811 0 0.71933980033865119 0.69465837045899725 0 
1 -3.3294547995116606 16.932665494068246 -3.7600000000000004e-15 0.1001880616120763 -0.9949685182509117 2.2e-16 
1 -0.98999999999999932 -1.6193628451010804 0 0.95630475596303544 0.29237170472273688 0 
1 -3.6306052785952776 16.902341235361071 0.98999999999999644 0.1001880616120763 -0.9949685182509117 2.2e-16 
1 0 -1.3166894704570067 0 0.95630475596303544 -0.29237170472273694 0 
1 -10.000907710260918 16.26088551007517 7.6199999999999992 0.1001880616120763 -0.9949685182509117 2.2e-16 
1 0.98999999999999999 -1.6193628451010806 0 0.71933980033865119 -0.69465837045899725 0 
1 7.620000000000001 -8.0218794220719811 0 -1 0 0 
Polygon3D 0
PolygonOnTriangulations 0
Surfaces 6
1 -10.000907710260915 16.26088551007517 -7.6200000000000054 -0.71572045526185446 -0.072069260236347299 0.69465837045899725 0.69116320954618149 0.069596475618890402 0.7193398003386513 -0.10018806161207611 0.99496851825091182 0 
1 -10.000907710260918 16.26088551007517 7.6199999999999992 0.9949685182509117 0.1001880616120763 2.2e-16 2.2110135650690933e-16 1.1090076876509421e-19 -1 -0.1001880616120763 0.9949685182509117 -2.2041373554656786e-17 
1 -3.6306052785952772 16.902341235361071 -0.99000000000000332 -0.95149312603684133 -0.095810319810346142 0.29237170472273677 0.29090064182647446 0.029292154366389277 0.95630475596303544 -0.10018806161207625 0.99496851825091182 2.7755575615628914e-17 
1 0 -5.9611810253058826 -3.5902593658882722 -0 -0.10018806161207626 0.9949685182509117 0 0.9949685182509117 0.10018806161207626 -1 0 0 
1 -3.3294547995116606 16.932665494068246 -3.7600000000000004e-15 -0.95149312603684111 -0.095810319810346253 -0.29237170472273721 -0.2909006418264749 -0.029292154366389274 0.95630475596303532 -0.10018806161207636 0.99496851825091182 -1.1449174941446927e-16 
1 -3.6306052785952776 16.902341235361071 0.98999999999999644 -0.71572045526185435 -0.07206926023634759 -0.69465837045899737 -0.6911632095461816 -0.069596475618890374 0.71933980033865119 -0.1001880616120763 0.99496851825091182 -2.4286128663675299e-16 
Triangulations 0

TShapes 29
Ve
1e-07
-7.62 -8.02187942207198 0
0 0

0101101
*
Ed
 1e-07 1 1 0
1  1 0 0 40.3119931776595
2  1 1 0 0 40.3119931776595
2  2 2 0 0 40.3119931776595
0

0101000
+29 5 -29 7 *
Ve
1e-07
-0.989999999999999 -1.61936284510108 0
0 0

0101101
*
Ed
 1e-07 1 1 0
1  2 0 0 40.3119931776595
2  3 3 0 0 40.3119931776595
2  4 1 0 0 40.3119931776595
0

0101000
+27 5 -27 7 *
Ed
 1e-07 1 1 0
1  3 0 0 9.21678460844058
2  5 1 8 0 9.21678460844058
2  6 1 9 0 9.21678460844058
2  7 4 10 0 9.21678460844058
0

0101000
+29 0 -27 0 *
Wi

0101100
+28 0 -26 0 -25 5 +25 7 *
Fa
0  1e-07 1 0

0111000
+24 0 *
Ve
1e-07
0 -1.31668947045701 0
0 0

0101101
*
Ed
 1e-07 1 1 0
1  4 0 0 40.3119931776595
2  8 3 0 0 40.3119931776595
2  9 5 0 0 40.3119931776595
0

0101000
+22 5 -22 7 *
Ed
 1e-07 1 1 0
1  5 0 0 1.03523483892228
2  10 3 8 0 1.03523483892228
2  11 3 9 0 1.03523483892228
2  12 4 10 0 1.03523483892228
0

0101000
+27 0 -22 0 *
Wi

0101100
+26 0 -21 0 -20 5 +20 7 *
Fa
0  1e-07 3 0

0111000
+19 0 *
Ve
1e-07
0.99 -1.61936284510108 0
0 0

0101101
*
Ed
 1e-07 1 1 0
1  6 0 0 40.3119931776595
2  13 5 0 0 40.3119931776595
2  14 6 0 0 40.3119931776595
0

0101000
+17 5 -17 7 *
Ed
 1e-07 1 1 0
1  7 0 0 1.03523483892228
2  15 5 8 0 1.03523483892228
2  16 5 9 0 1.03523483892228
2  17 4 10 0 1.03523483892228
0

0101000
+22 0 -17 0 *
Wi

0101100
+21 0 -16 0 -15 5 +15 7 *
Fa
0  1e-07 5 0

0111000
+14 0 *
Ve
1e-07
7.62 -8.02187942207198 0
0 0

0101101
*
Ed
 1e-07 1 1 0
1  8 0 0 40.3119931776595
2  18 6 0 0 40.3119931776595
2  19 2 0 0 40.3119931776595
0

0101000
+12 5 -12 7 *
Ed
 1e-07 1 1 0
1  9 0 0 9.21678460844058
2  20 6 8 0 9.21678460844058
2  21 6 9 0 9.21678460844058
2  22 4 10 0 9.21678460844058
0

0101000
+17 0 -12 0 *
Wi

0101100
+16 0 -11 0 -10 5 +10 7 *
Fa
0  1e-07 6 0

0111000
+9 0 *
Ed
 1e-07 1 1 0
1  10 0 0 15.24
2  23 2 8 0 15.24
2  24 2 9 0 15.24
2  25 4 10 0 15.24
0

0101000
+12 0 -29 0 *
Wi

0101100
+11 0 -28 0 -7 5 +7 7 *
Fa
0  1e-07 2 0

0111000
+6 0 *
Wi

0101100
+25 0 +20 0 +15 0 +10 0 +7 0 *
Fa
0  1e-07 4 0

0111000
-4 12 *
Sh

0101100
-23 0 -18 0 -13 0 -8 0 -5 0 +3 11 -3 13 *
So

0100000
+2 0 *

+1 0 ]]>
      </Part>
      <ElementMap count="37">
<![CDATA[
Edge1	#1f;:G;XTR;:T1885:3:E 2 1 31
Edge10	#29;:U;XTR;:T1885:3:E 3 11 37 41
Edge11	#20;:G;XTR;:T1885:3:E 2 2 32
Edge12	#c;:T1885:2:E 1 12
Edge13	#2a;:U;XTR;:T1885:3:E 3 12 38 42
Edge14	#1d;:T1885:3:E 1 29
Edge15	#2b;:U;XTR;:T1885:3:E 3 29 39 43
Edge2	#21;:G;XTR;:T1885:3:E 2 3 33
Edge3	#9;:T1885:2:E 1 9
Edge4	#2c;:U;XTR;:T1885:3:E 3 9 30 44
Edge5	#22;:G;XTR;:T1885:3:E 2 5 34
Edge6	#a;:T1885:2:E 1 10
Edge7	#2d;:U;XTR;:T1885:3:E 3 10 36 45
Edge8	#23;:G;XTR;:T1885:3:E 2 7 35
Edge9	#b;:T1885:2:E 1 11
Face1	#1e;:G;XTR;:T1885:3:F 2 9 30
Face2	#24;:G;XTR;:T1885:3:F 2 10 36
Face3	#25;:G;XTR;:T1885:3:F 2 11 37
Face4	#26;:G;XTR;:T1885:3:F 2 12 38
Face5	#27;:G;XTR;:T1885:3:F 2 29 39
Face6	#1e;FAC;:T1885:3:F 1 30
Face7	#28;:G0;XTR;:T1885:3:F 2 30 40
Vertex1	#1;:T1885:2:V 1 1
Vertex1	#1b;:T1885:3:V 1 27
Vertex10	#2e;:U;XTR;:T1885:3:V 3 2 32 46
Vertex2	#2f;:U;XTR;:T1885:3:V 3 1 31 47
Vertex3	#3;:T1885:2:V 1 3
Vertex3	#4;:T1885:2:V 1 4
Vertex4	#30;:U;XTR;:T1885:3:V 3 3 33 48
Vertex5	#5;:T1885:2:V 1 5
Vertex5	#6;:T1885:2:V 1 6
Vertex6	#31;:U;XTR;:T1885:3:V 3 5 34 49
Vertex7	#7;:T1885:2:V 1 7
Vertex7	#8;:T1885:2:V 1 8
Vertex8	#32;:U;XTR;:T1885:3:V 3 7 35 50
Vertex9	#1c;:T1885:3:V 1 28
Vertex9	#2;:T1885:2:V 1 2
]]>
      </ElementMap>
    </Property>
    <Property name="AllowMultiFace" type="App::PropertyBool">
      <Bool value="true"/>
    </Property>
    <Property name="BaseFeature" type="App::PropertyLink" status="8">
      <Link value="Revolution"/>
    </Property>
    <Property name="ClaimChildren" type="App::PropertyBool" status="134217728">
      <Bool value="false"/>
    </Property>
    <Property name="ColoredElements" type="App::PropertyLinkSubHidden" status="218103808">
      <LinkSub value="" count="0">
      </LinkSub>
    </Property>
    <Property name="ExpressionEngine" type="App::PropertyExpressionEngine" status="67108864">
      <ExpressionEngine count="0"></ExpressionEngine>
    </Property>
    <Property name="Fit" type="App::PropertyDistance">
      <Float value="0"/>
    </Property>
    <Property name="FitJoin" type="App::PropertyEnumeration">
      <Integer value="0"/>
    </Property>
    <Property name="InnerFit" type="App::PropertyDistance">
      <Float value="0"/>
    </Property>
    <Property name="InnerFitJoin" type="App::PropertyEnumeration">
      <Integer value="0"/>
    </Property>
    <Property name="InnerTaperAngle" type="App::PropertyAngle">
      <Float value="0"/>
    </Property>
    <Property name="InnerTaperAngleRev" type="App::PropertyAngle">
      <Float value="0"/>
    </Property>
    <Property name="Label" type="App::PropertyString" status="134217728">
      <String value="Pocket001"/>
    </Property>
    <Property name="Label2" type="App::PropertyString" status="128">
      <String value=""/>
    </Property>
    <Property name="Length" type="App::PropertyLength">
      <Float value="5"/>
    </Property>
    <Property name="Length2" type="App::PropertyLength">
      <Float value="100"/>
    </Property>
    <Property name="Linearize" type="App::PropertyBool">
      <Bool value="true"/>
    </Property>
    <Property name="Midplane" type="App::PropertyBool">
      <Bool value="true"/>
    </Property>
    <Property name="NewSolid" type="App::PropertyBool">
      <Bool value="false"/>
    </Property>
    <Property name="Offset" type="App::PropertyLength">
      <Float value="0"/>
    </Property>
    <Property name="Placement" type="App::PropertyPlacement" status="8388620">
      <PropertyPlacement Px="0" Py="0" Pz="0" Q0="0.5" Q1="0.5" Q2="0.5" Q3="0.5000000000000001" A="2.094395102393195" Ox="0.5773502691896258" Oy="0.5773502691896258" Oz="0.5773502691896258"/>
    </Property>
    <Property name="Profile" type="App::PropertyLinkSub">
      <LinkSub value="Sketch004" count="0">
      </LinkSub>
    </Property>
    <Property name="Refine" type="App::PropertyBool">
      <Bool value="false"/>
    </Property>
    <Property name="Reversed" type="App::PropertyBool">
      <Bool value="false"/>
    </Property>
    <Property name="Shape" type="Part::PropertyPartShape">
      <Part HasherIndex="0" ElementMap="1.15.70200.3.0" brep="1">
<![CDATA[

CASCADE Topology V1, (c) Matra-Datavision
Locations 11
1
              0              -0               1               0 
              1               0               0               0 
             -0               1               0               0 
1
              0              -0               1               0 
              1               0               0               0 
             -0               1               0               0 
1
             -0               0               1               0 
              1              -0               0               0 
              0               1              -0               0 
2  2 1 3 -1 0
1
              1               0               0               0 
              0               1               0               0 
              0               0               1               0 
1
              0              -0               1               0 
              1               0              -0               0 
             -0               1               0               0 
1
             -0               0               1               0 
              1              -0               0               0 
              0               1              -0               0 
2  5 1 6 1 7 -1 2 1 3 -1 0
2  7 1 6 -1 5 -1 0
2  5 1 6 1 7 -1 0
2  3 1 2 -1 0
Curve2ds 35
1 6.2831853071795862 0 0 1 
1 0 0 0 1 
1 0 2.1575459465626201 1 0 
1 0 -9.9999999999999998e-17 1 0 
8 -1.0274099780729591 -0.23316463508949398
7 0 0  7 8 2  2.5953068189318982 2.1575459465626228  2.6649509961867368 1.9742969426980306  2.7414962753065311 1.8224342210914415  2.8251649714709401 1.6981045897105105  2.9158649208775387 1.5984444205255386  3.0129727104545054 1.5213786971345371  3.1150068104463848 1.4655179887465499  3.2200754334800159 1.430117841077724 
 -1.0274099780729591 8 -0.23316463508949398 8
8 -1.0274099780729591 -0.23316463508949398
5 -0.35961204058333729 -21.017085621825281 -0.02942753250700296 0.99956691638456574 -0.99956691638456574 -0.02942753250700296 0.62541683027991291 1.169292476056238
8 0.23316463508949486 1.0274099780729598
7 0 0  7 8 2  3.0631098736995712 1.4301178410777227  3.1681784967332023 1.4655179887465486  3.2702125967249458 1.5213786971346508  3.3673203863031631 1.5984444205250838  3.4580203357090795 1.6981045897109652  3.5416890318729202 1.8224342210911004  3.6182343109928494 1.9742969426980295  3.687878488247688 2.1575459465626214 
 0.23316463508949486 8 1.0274099780729598 8
8 0.23316463508949486 1.0274099780729598
5 1.3948468795056246 -21.017085621825281 0.029427532507001478 0.99956691638456574 -0.99956691638456574 0.029427532507001478 0.62541683027991257 1.1692924760562371
1 0 0 1 0 
1 6.2831853071795862 0 0 1 
1 0 0 0 1 
1 0 4.45517984754499 1 0 
2 0 0 1 -0 0 1 3.8928915049854664
8 -3.6194831317442766 -2.8943412839692022
7 0 0  6 7 2  2.5395094041260631 4.4551798475449935  2.545864195458166 3.4103750496256211  2.5531321966917346 2.5173135951127819  2.5614757329220197 1.7485315771323826  2.5710944987235109 1.0831879478662358  2.5822381946056447 0.50476607464635259  2.5952242907697913 1.59e-15 
 -3.6194831317442766 7 -2.8943412839692022 7
8 -3.6194831317442766 -2.8943412839692022
5 -1.5765611762689942 -23.880014685437317 -0.069777924046069265 0.99756255007684658 -0.99756255007684658 -0.069777924046069265 0.4160119667313682 0.20469247446085406
8 -1.2889449893279117 -1.2259427582472244
7 0 0  5 6 2  2.5657767098529409 0.2127508249597963  2.5715396969716831 0.16861033518783691  2.5773736267873204 0.1252793434014563  2.5832790934038954 0.082743249149417331  2.5892566536859225 0.040987987277721412  2.5953068189318982 4.1700000000000003e-15 
 -1.2889449893279117 6 -1.2259427582472244 6
8 -1.2889449893279117 -1.2259427582472244
5 -0.28632914317958047 -23.506290578583648 -0.02942753250700296 0.99956691638456574 -0.99956691638456574 -0.02942753250700296 1.8784094972410292 0.91469497158148672
8 -1.0534219938631211 -0.017738617439732891
1 -1.7199095058461451 -0.01695617759742539 0.29372294496468326 -0.95589059604186599 
8 -1.0534219938631211 -0.017738617439732891
1 -0.017730935135159259 -16.013757801469705 -0.99956691638456574 -0.029427532507002953 
1 1.0352348389222767 4.1000000000000001e-16 1.2e-16 -1 
1 0 0 -4.0000000000000003e-17 -1 
1 1.0352348389222761 -4.2000000000000002e-16 2.5999999999999998e-16 -1 
1 0 0 1.2e-16 -1 
8 -0.49965463039796998 0.53602874602542339
1 -1.8718797743058757 -0.47761516246618602 -0.29372294496468315 -0.95589059604186588 
8 -0.49965463039796998 0.53602874602542339
1 0.53579660075811797 -15.998532194850059 -0.99956691638456574 0.029427532507001471 
8 1.2259427582472264 1.2889449893279163
7 0 0  5 6 2  3.687878488247688 4.1700000000000003e-15  3.6939286534936642 0.040987987277723147  3.6999062137756979 0.082743249149421549  3.70581168039228 0.12527934340146585  3.7116456102079041 0.16861033518784424  3.7174085973266466 0.21275082495980563 
 1.2259427582472264 6 1.2889449893279163 6
8 1.2259427582472264 1.2889449893279163
5 1.3215639821018716 -23.506290578583645 0.029427532507001478 0.99956691638456574 -0.99956691638456574 0.029427532507001478 1.8784094972410255 0.91469497158148483
1 0 0 2.5999999999999998e-16 -1 
1 9.2167846084405838 2.0000000000000002e-15 3.1000000000000001e-16 -1 
8 2.8943412839692249 3.6194831317442993
7 0 0  6 7 2  3.6879610164097949 5.9999999999999999e-16  3.7009471125739415 0.50476607464635148  3.7120908084559687 1.0831879478661932  3.7217095742575452 1.7485315771325531  3.730053110487745 2.5173135951127108  3.7373211117214198 3.4103750496256207  3.7436759030535227 4.4551798475449926 
 2.8943412839692249 7 3.6194831317442993 7
8 2.8943412839692249 3.6194831317442993
5 10.79334578470959 -23.880014685437317 0.069777924046068154 0.99756255007684669 -0.99756255007684669 0.069777924046068154 0.41601196673135876 0.20469247446084937
8 -4.0928951467405517 -1.4171599913002959
1 -4.8799001429703326 -3.927006080553189 -0.69646944878767703 -0.71758644559759444 
8 -4.0928951467405517 -1.4171599913002959
1 5.1338656886609417 -15.697164464823921 -0.99756255007684669 0.069777924046068154 
8 -3.1799995874522082 -0.50426443201195847
1 -1.6781189451675875 0.62814667859124973 0.69646944878767691 -0.71758644559759466 
8 -3.1799995874522082 -0.50426443201195847
1 -0.5030353127109034 -16.017944716737773 -0.99756255007684658 -0.069777924046069237 
Curves 17
1 0 -4 0 0.88294759285892688 0.46947156278589092 0 
2 -8.2999999999999998e-16 -2.9870935326848835 1.3299999999999999e-15 -2.8000000000000001e-16 -1 4.4e-16 1 -2.7999999999999992e-16 2.2e-16 -2.1999999999999988e-16 4.4000000000000005e-16 1 1.9050000000000005
5 -1.1191823569117247 -3.9681392336270118 -0.34389870471141892 -0.951493126036841 -0.095810319810346239 -0.29237170472273721 -0.091584183710473402 0.99539960951260131 -0.028141689292703859 0.29372294496468354 -8.4307560932472825e-16 -0.95589059604186577 0.62541683027991291 1.169292476056238
5 -1.1191823569117241 -3.9681392336270136 0.3438987047114242 -0.95149312603684122 -0.095810319810346128 0.29237170472273677 -0.091584183710473749 0.99539960951260142 0.028141689292702367 -0.29372294496468299 -6.3143934525555778e-16 -0.9558905960418661 0.62541683027991257 1.1692924760562371
1 1.905 -2.9870935326848826 0 0.44619781310980877 0.89493436160202511 0 
2 2.8000000000000001e-16 0.99999999999999956 -4.4e-16 -2.8000000000000001e-16 -1 4.4e-16 1 -2.7999999999999992e-16 2.2e-16 -2.1999999999999988e-16 4.4000000000000005e-16 1 3.8928915049854664
5 -0.14845181335741667 -6.7477984905526096 -0.14408320175900508 -0.71572045526185435 -0.07206926023634759 -0.69465837045899737 -0.051715924289848142 0.99739962990217013 -0.05019403795134527 0.69646944878767703 -8.3960616237277444e-16 -0.71758644559759444 0.4160119667313682 0.20469247446085406
5 -0.89111177922858797 -6.4469664150188795 -0.27381792139345468 -0.951493126036841 -0.095810319810346239 -0.29237170472273721 -0.091584183710473402 0.99539960951260131 -0.028141689292703859 0.29372294496468354 -8.4307560932472825e-16 -0.95589059604186577 1.8784094972410292 0.91469497158148672
1 -1.7199095058461447 0.99999999999999734 -0.01695617759742693 0.29372294496468349 -8.5999999999999997e-16 -0.95589059604186588 
1 -3.6306052785952776 16.902341235361071 0.98999999999999644 0.1001880616120763 -0.9949685182509117 2.2e-16 
1 -3.3294547995116606 16.932665494068246 -3.7600000000000004e-15 0.1001880616120763 -0.9949685182509117 2.2e-16 
1 -1.8718797743058753 0.99999999999999678 -0.47761516246618763 -0.29372294496468293 -6.2999999999999998e-16 -0.95589059604186599 
5 -0.89111177922858653 -6.4469664150188777 0.27381792139346367 -0.95149312603684122 -0.095810319810346128 0.29237170472273677 -0.091584183710473749 0.99539960951260142 0.028141689292702367 -0.29372294496468299 -6.3143934525555778e-16 -0.9558905960418661 1.8784094972410255 0.91469497158148483
1 -3.6306052785952772 16.902341235361071 -0.99000000000000332 0.1001880616120763 -0.9949685182509117 2.2e-16 
5 -0.14845181335741336 -6.7477984905526096 0.14408320175901221 -0.71572045526185457 -0.072069260236347285 0.69465837045899725 -0.051715924289848704 0.99739962990217013 0.050194037951344223 -0.6964694487876768 -2.8449465006019631e-16 -0.71758644559759466 0.41601196673135876 0.20469247446084937
1 -4.8799001429703317 0.99999999999999845 -3.9270060805531921 -0.6964694487876768 -2.8999999999999998e-16 -0.71758644559759466 
1 -1.6781189451675873 0.99999999999999889 0.62814667859124818 0.69646944878767714 -8.2999999999999998e-16 -0.71758644559759444 
Polygon3D 0
PolygonOnTriangulations 0
Surfaces 7
3 -1.1100000000000001e-15 -4.0000000000000009 1.7800000000000001e-15 2.8000000000000001e-16 1 -4.4e-16 1 -2.7999999999999992e-16 2.2e-16 -2.1999999999999988e-16 4.4000000000000005e-16 1 2.2e-16
1.0821041362364843
3 -8.2999999999999998e-16 -2.9870935326848835 1.3299999999999999e-15 2.8000000000000001e-16 1 -4.4e-16 1 -2.7999999999999992e-16 2.2e-16 -2.1999999999999988e-16 4.4000000000000005e-16 1 1.9050000000000007
0.46251225177849736
1 -3.3294547995116606 16.932665494068246 -3.7600000000000004e-15 -0.95149312603684111 -0.095810319810346253 -0.29237170472273721 -0.2909006418264749 -0.029292154366389274 0.95630475596303532 -0.10018806161207636 0.99496851825091182 -1.1449174941446927e-16 
1 -3.6306052785952772 16.902341235361071 -0.99000000000000332 -0.95149312603684133 -0.095810319810346142 0.29237170472273677 0.29090064182647446 0.029292154366389277 0.95630475596303544 -0.10018806161207625 0.99496851825091182 2.7755575615628914e-17 
1 2.8000000000000001e-16 0.99999999999999956 -4.4e-16 2.8000000000000001e-16 1 -4.4e-16 1 -2.7999999999999992e-16 2.2e-16 -2.1999999999999988e-16 4.4000000000000005e-16 1 
1 -3.6306052785952776 16.902341235361071 0.98999999999999644 -0.71572045526185435 -0.07206926023634759 -0.69465837045899737 -0.6911632095461816 -0.069596475618890374 0.71933980033865119 -0.1001880616120763 0.99496851825091182 -2.4286128663675299e-16 
1 -10.000907710260915 16.26088551007517 -7.6200000000000054 -0.71572045526185446 -0.072069260236347299 0.69465837045899725 0.69116320954618149 0.069596475618890402 0.7193398003386513 -0.10018806161207611 0.99496851825091182 0 
Triangulations 0

TShapes 51
Ve
1e-07
0 -4 0
0 0

0101101
*
Ve
1e-07
1.905 -2.98709353268488 0
0 0

0101101
*
Ed
 1e-07 1 1 0
1  1 0 0 2.15754594656262
3  1 2CN 1 9 0 2.15754594656262
0

0101000
+51 0 -50 0 *
Ve
1.00000004e-07
-1.62774626970104 -2.98709353268488 0.989680292556313
0 0

0101101
*
Ed
 1e-07 1 1 0
1  2 0 0 2.5953068189319
2  3 1 0 0 2.5953068189319
2  4 2 0 0 2.5953068189319
0

0101000
+50 10 -48 11 *
Ve
1.00000005e-07
-1.29075358460638 -3.31369414511393 1e-15
0 0

0101101
*
Ed
 1e-07 1 1 0
1  3 0 -1.02740997807296 -0.318805706013437
2  5 1 4 -1.02740997807296 -0.318805706013437
2  6 3 0 -1.02740997807296 -0.318805706013437
0

0101000
+48 0 -46 0 *
Ve
1.00000004e-07
-1.62774626970104 -2.98709353268488 -0.989680292556309
0 0

0101101
*
Ed
 1e-07 1 1 0
1  4 0 0.31880570601344 1.02740997807296
2  7 1 4 0.31880570601344 1.02740997807296
2  8 4 0 0.31880570601344 1.02740997807296
0

0101000
+46 0 -44 0 *
Ed
 1e-07 1 1 0
1  2 0 3.68787848824769 6.28318530717959
2  3 1 0 3.68787848824769 6.28318530717959
2  4 2 0 3.68787848824769 6.28318530717959
0

0101000
+44 11 -50 10 *
Ed
 1e-07 1 1 1
2  9 1 0 0 6.28318530717959
0

0101000
+51 10 -51 10 *
Wi

0101100
-49 8 -47 4 -45 0 -43 0 -42 4 +49 8 +41 4 *
Fa
0  1e-07 1 4

0101000
+40 0 *
Ve
1e-07
3.89289150498547 1 0
0 0

0101101
*
Ed
 1e-07 1 1 0
1  5 0 0 4.45517984754499
3  10 11CN 2 9 0 4.45517984754499
0

0101000
+50 0 -38 0 *
Ve
1.50000002e-07
-3.20835586164259 1 2.20478047312008
0 0

0101101
*
Ed
 1e-07 1 1 0
1  6 0 0 2.53950940412606
2  12 2 0 0 2.53950940412606
2  13 5 0 0 2.53950940412606
0

0101000
+38 10 -36 11 *
Ve
1.00000002e-07
-1.62790553999081 -2.9864874270411 0.990000000000001
0 0

0101101
*
Ed
 1e-07 1 1 0
1  7 0 -3.61948313174428 -2.8945034288638
2  14 2 4 -3.61948313174428 -2.8945034288638
2  15 6 0 -3.61948313174428 -2.8945034288638
0

0101000
+36 0 -34 0 *
Ed
 1e-07 1 1 0
1  8 0 -1.22615093524968 -1.22594275824722
2  16 2 4 -1.22615093524968 -1.22594275824722
2  17 3 0 -1.22615093524968 -1.22594275824722
0

0101000
+34 0 -48 0 *
Wi

0101100
-37 8 -35 4 -33 0 -32 0 +47 4 *
Fa
0  1e-07 2 4

0101000
+31 0 *
Ve
1.50000004e-07
-2.02932371617419 1 0.99
0 0

0101101
*
Ve
1.50000007e-07
-1.72511974480014 1 -0
0 0

0101101
*
Ed
 1.5e-07 1 1 0
1  9 0 -1.05342199386312 -0.017738617439733
2  18 5 4 -1.05342199386312 -0.017738617439733
2  19 3 0 -1.05342199386312 -0.017738617439733
0

0101000
+29 0 -28 0 *
Ed
 1e-07 1 1 0
1  10 0 15.9827581915017 19.9894049887783
2  20 3 0 15.9827581915017 19.9894049887783
2  21 6 0 15.9827581915017 19.9894049887783
0

0101000
+29 0 -34 0 *
Ed
 1e-07 1 1 0
1  11 0 16.0132357977284 20.3487439730997
2  22 4 0 16.0132357977284 20.3487439730997
2  23 3 0 16.0132357977284 20.3487439730997
0

0101000
+28 0 -46 0 *
Wi

0101100
+27 0 -26 0 -32 0 -45 0 +25 0 *
Fa
0  1e-07 3 0

0101000
+24 0 *
Ve
1.50000008e-07
-2.02932371617419 1 -0.99
0 0

0101101
*
Ed
 1.5e-07 1 1 0
1  12 0 -0.49965463039797 0.536028746025423
2  24 5 4 -0.49965463039797 0.536028746025423
2  25 4 0 -0.49965463039797 0.536028746025423
0

0101000
+28 0 -22 0 *
Ve
1.00000004e-07
-1.62790553999081 -2.98648742704109 -0.989999999999999
0 0

0101101
*
Ed
 1e-07 1 1 0
1  13 0 1.22594275824723 1.22615093524969
2  26 2 4 1.22594275824723 1.22615093524969
2  27 4 0 1.22594275824723 1.22615093524969
0

0101000
+44 0 -20 0 *
Ed
 1e-07 1 1 0
1  14 0 15.9827581915017 19.9894049887783
2  28 4 0 15.9827581915017 19.9894049887783
2  29 7 0 15.9827581915017 19.9894049887783
0

0101000
+22 0 -20 0 *
Wi

0101100
+21 0 -25 0 -43 0 -19 0 +18 0 *
Fa
0  1e-07 4 0

0101000
+17 0 *
Ve
1.50000001e-07
-3.20835586164259 1 -2.20478047312008
0 0

0101101
*
Ed
 1e-07 1 1 0
1  15 0 2.89450342886383 3.6194831317443
2  30 2 4 2.89450342886383 3.6194831317443
2  31 7 0 2.89450342886383 3.6194831317443
0

0101000
+20 0 -15 0 *
Ed
 1e-07 1 1 0
1  6 0 3.74367590305352 6.28318530717959
2  12 2 0 3.74367590305352 6.28318530717959
2  13 5 0 3.74367590305352 6.28318530717959
0

0101000
+15 11 -38 10 *
Wi

0101100
+42 4 -19 0 -14 0 -13 4 +37 8 *
Fa
0  1e-07 2 4

0101000
+12 0 *
Ed
 1.5e-07 1 1 0
1  16 0 -4.09289514674055 -2.4000252763956
2  32 5 4 -4.09289514674055 -2.4000252763956
2  33 7 0 -4.09289514674055 -2.4000252763956
0

0101000
+22 0 -15 0 *
Ed
 1.5e-07 1 1 0
1  17 0 -2.1971343023569 -0.504264432011958
2  34 5 4 -2.1971343023569 -0.504264432011958
2  35 6 0 -2.1971343023569 -0.504264432011958
0

0101000
+36 0 -29 0 *
Wi

0101100
+13 4 +10 0 +21 0 +27 0 +9 0 +35 4 *
Fa
0  1e-07 5 4

0101000
+8 0 *
Wi

0101100
+9 0 -33 0 +26 0 *
Fa
0  1e-07 6 0

0101000
+6 0 *
Wi

0101100
-18 0 -14 0 +10 0 *
Fa
0  1e-07 7 0

0101000
+4 0 *
Sh

0101100
-39 0 -30 0 +23 0 +16 0 -11 0 -7 0 +5 0 +3 0 *
So

0100000
+2 0 *

+1 1 ]]>
      </Part>
      <ElementMap count="44">
<![CDATA[
Edge1	#3a;:T1883:3:E 3 9 13 58
Edge10	#29;:G3#3d;CUT;:T-1891:3:E 8 11 37 60 10 17 25 61 41
Edge11	#29;:G4#3f;CUT;:T-1891:3:E 9 11 37 62 5 16 18 26 63 41
Edge12	#32;:M;CUT;:T-1891:3:E 3 7 35 50
Edge13	#31;:M;CUT;:T-1891:3:E 3 5 34 49
Edge14	#2d;:G4#40;CUT;:T-1891:3:E 9 10 36 62 5 16 18 26 64 45
Edge15	#2d;:G3#41;CUT;:T-1891:3:E 8 10 36 60 10 17 25 65 45
Edge16	#30;:M;CUT;:T-1891:3:E 3 3 33 48
Edge17	#2c;:G2#42;CUT;:T-1891:3:E 8 9 30 60 10 17 25 66 44
Edge18	#43;:M2;CUT;:T1883:3:E 4 5 16 18 67
Edge19	#2c;:G3#44;CUT;:T-1891:3:E 9 9 30 62 5 16 18 26 68 44
Edge2	#45;:M;CUT;:T1883:3:E 4 3 15 23 69
Edge20	#2a;:G3#46;CUT;:T-1891:3:E 9 12 38 62 5 16 18 26 70 42
Edge3	#29;:G2#48;CUT;:T-1891:3:E 8 11 37 71 9 13 24 72 41
Edge4	#2d;:G2#49;CUT;:T-1891:3:E 8 10 36 71 9 13 24 73 45
Edge5	#45;:M2;CUT;:T1883:3:E 4 3 15 23 69
Edge6	#39;:T1883:3:E 4 1 14 22 57
Edge7	#3b;:T1883:3:E 3 10 17 59
Edge8	#43;:M;CUT;:T1883:3:E 4 5 16 18 67
Edge9	#2a;:G2#4a;CUT;:T-1891:3:E 8 12 38 60 10 17 25 74 42
Face1	#47;:M;CUT;:T1883:3:F 4 9 13 24 71
Face2	#3c;:M;CUT;:T1883:3:F 4 10 17 25 60
Face3	#29;:M;CUT;:T-1891:3:F 3 11 37 41
Face4	#2d;:M;CUT;:T-1891:3:F 3 10 36 45
Face5	#3c;:M2;CUT;:T1883:3:F 4 10 17 25 60
Face6	#3e;:M;CUT;:T1883:3:F 5 5 16 18 26 62
Face7	#2a;:M;CUT;:T-1891:3:F 3 12 38 42
Face8	#2c;:M;CUT;:T-1891:3:F 3 9 30 44
Vertex1	#33;:T1883:3:V 3 1 14 51
Vertex1	#34;:T1883:3:V 3 2 19 52
Vertex10	#31;:G2#4b;CUT;:T-1891:3:V 9 5 34 62 5 16 18 26 75 49
Vertex11	#30;:G2#4c;CUT;:T-1891:3:V 9 3 33 62 5 16 18 26 76 48
Vertex12	#30;:G#4d;CUT;:T-1891:3:V 8 3 33 60 10 17 25 77 48
Vertex13	#43;:G#4e;CUT;:T1883:3:V 8 5 16 18 44 9 30 78 67
Vertex2	#35;:T1883:3:V 3 3 15 53
Vertex2	#36;:T1883:3:V 3 4 20 54
Vertex3	#45;:G2#4f;CUT;:T1883:3:V 8 3 15 23 41 11 37 79 69
Vertex4	#31;:G#50;CUT;:T-1891:3:V 8 5 34 71 9 13 24 80 49
Vertex5	#45;:G#51;CUT;:T1883:3:V 8 3 15 23 45 10 36 81 69
Vertex6	#37;:T1883:3:V 3 5 16 55
Vertex6	#38;:T1883:3:V 3 6 21 56
Vertex7	#43;:G2#52;CUT;:T1883:3:V 8 5 16 18 42 12 38 82 67
Vertex8	#32;:G#53;CUT;:T-1891:3:V 8 7 35 60 10 17 25 83 50
Vertex9	#32;:G2#54;CUT;:T-1891:3:V 9 7 35 62 5 16 18 26 84 50
]]>
      </ElementMap>
    </Property>
    <Property name="Suppress" type="App::PropertyBool">
      <Bool value="false"/>
    </Property>
    <Property name="SuppressedShape" type="Part::PropertyPartShape">
      <Part ElementMap="0.15.70200.3" brep="1">
<![CDATA[

CASCADE Topology V1, (c) Matra-Datavision
Locations 0
Curve2ds 0
Curves 0
Polygon3D 0
PolygonOnTriangulations 0
Surfaces 0
Triangulations 0

TShapes 0

*]]>
      </Part>
      <ElementMap/>
    </Property>
    <Property name="TaperAngle" type="App::PropertyAngle">
      <Float value="0"/>
    </Property>
    <Property name="TaperAngleRev" type="App::PropertyAngle">
      <Float value="0"/>
    </Property>
    <Property name="Type" type="App::PropertyEnumeration">
      <Integer value="1"/>
    </Property>
    <Property name="UpToFace" type="App::PropertyLinkSub">
      <LinkSub value="" count="0">
      </LinkSub>
    </Property>
    <Property name="UsePipeForDraft" type="App::PropertyBool">
      <Bool value="false"/>
    </Property>
    <Property name="Visibility" type="App::PropertyBool" status="648">
      <Bool value="false"/>
    </Property>
    <Property name="_ProfileBasedVersion" type="App::PropertyInteger" status="67108864">
      <Integer value="1"/>
    </Property>
    <Property name="_Siblings" type="App::PropertyLinkList" status="218103808">
      <LinkList count="0">
      </LinkList>
    </Property>
  </Properties>
</Object>
</Document>
