<?xml version='1.0' encoding='utf-8'?>
<!-- FreeCAD DocumentObject -->
<Document SchemaVersion="4" FileVersion="2">
<Object name="PolarPattern">
  <Properties Count="24" TransientCount="2">
    <_Property name="_Body" type="App::PropertyLinkHidden" status="251658241"/>
    <_Property name="_ElementMapVersion" type="App::PropertyString" status="234881024"/>
    <Property name="AddSubShape" type="Part::PropertyPartShape">
      <Part HasherIndex="0" ElementMap="1.15.70200.3.0" brep="1">
<![CDATA[

CASCADE Topology V1, (c) Matra-Datavision
Locations 20
1
              1              -0               0               0 
              0               1              -0               0 
             -0               0               1               0 
1
              0           1e-15               1               0 
             -0               1          -1e-15               0 
             -1               0               0               0 
2  1 1 2 1 0
1
              1               0               0               0 
              0               1               0               0 
              0               0               1               0 
1
              1               0               0               0 
              0 0.994968518250912 -0.100188061612076               0 
              0 0.100188061612076 0.994968518250912           -2.99 
1
             -0               0               1               0 
              1              -0               0               0 
              0               1              -0               0 
1
              1               0               0 -2.01939022809447 
              0               1               0 20.0545820598584 
              0               0               1          -4e-15 
2  4 1 5 1 6 -1 7 1 0
1
              1               0               0 4.03878045618895 
              0               1               0 -40.1091641197167 
              0               0               1           9e-15 
2  4 1 5 1 6 -1 7 1 9 1 0
2  7 -1 6 1 5 -1 4 -1 0
2  9 -1 7 -1 6 1 5 -1 4 -1 0
2  5 -1 4 -1 0
2  6 -1 7 1 0
2  4 1 5 1 0
2  6 -1 7 1 9 1 0
1
             -1           1e-15          -1e-30               0 
          1e-15               1          -1e-15               0 
             -0          -1e-15              -1               0 
2  1 1 17 1 0
1
             -0               0              -1               0 
          1e-15               1               0               0 
              1          -1e-15              -0               0 
2  1 1 19 1 0
Curve2ds 25
1 -6.4000000000000005e-16 0 3.1000000000000001e-16 -1 
1 15.240000000000006 -2.0000000000000001e-17 -2e-16 -1 
1 0 0 2.5999999999999998e-16 -1 
1 9.2167846084405838 2.0000000000000002e-15 3.1000000000000001e-16 -1 
1 0 0 1 -1.0000000000000001e-17 
1 1.2609999999999999e-14 -40.311993177659502 1 -1.0000000000000001e-17 
1 -2.0305531479650969 7.6200000000000001 0.69465837045899725 -0.71933980033865119 
1 1.0352348389222761 -4.2000000000000002e-16 2.5999999999999998e-16 -1 
1 0 0 1.2e-16 -1 
1 0 0 1 -0 
1 1.027e-14 -40.311993177659495 1 -0 
1 4.3719634290058043 0.98999999999999932 0.29237170472273688 -0.95630475596303544 
1 1.0352348389222767 4.1000000000000001e-16 1.2e-16 -1 
1 0 0 -4.0000000000000003e-17 -1 
1 0 0 1 -1.0000000000000001e-17 
1 4.5399999999999996e-15 -40.311993177659502 1 -1.0000000000000001e-17 
1 4.6746368036498787 -0 -0.29237170472273694 -0.95630475596303544 
1 9.2167846084405873 -2.0500000000000002e-15 -4.0000000000000003e-17 -1 
1 0 0 -2e-16 -1 
1 0 0 1 1.0000000000000001e-17 
1 -7.1999999999999997e-16 -40.311993177659502 1 1.0000000000000001e-17 
1 4.3719634290058034 -0.98999999999999999 -0.69465837045899725 -0.71933980033865119 
1 0 0 1 0 
1 -7.9799999999999995e-15 -40.311993177659495 1 0 
1 -2.0305531479650969 -7.620000000000001 0 1 
Curves 10
1 -10.000907710260915 16.26088551007517 -7.6200000000000063 0.1001880616120763 -0.9949685182509117 2.2e-16 
1 -3.6306052785952772 16.902341235361071 -0.99000000000000332 0.1001880616120763 -0.9949685182509117 2.2e-16 
1 -7.6200000000000001 -8.0218794220719811 0 0.71933980033865119 0.69465837045899725 0 
1 -3.3294547995116606 16.932665494068246 -3.7600000000000004e-15 0.1001880616120763 -0.9949685182509117 2.2e-16 
1 -0.98999999999999932 -1.6193628451010804 0 0.95630475596303544 0.29237170472273688 0 
1 -3.6306052785952776 16.902341235361071 0.98999999999999644 0.1001880616120763 -0.9949685182509117 2.2e-16 
1 0 -1.3166894704570067 0 0.95630475596303544 -0.29237170472273694 0 
1 -10.000907710260918 16.26088551007517 7.6199999999999992 0.1001880616120763 -0.9949685182509117 2.2e-16 
1 0.98999999999999999 -1.6193628451010806 0 0.71933980033865119 -0.69465837045899725 0 
1 7.620000000000001 -8.0218794220719811 0 -1 0 0 
Polygon3D 0
PolygonOnTriangulations 0
Surfaces 6
1 -10.000907710260915 16.26088551007517 -7.6200000000000054 -0.71572045526185446 -0.072069260236347299 0.69465837045899725 0.69116320954618149 0.069596475618890402 0.7193398003386513 -0.10018806161207611 0.99496851825091182 0 
1 -10.000907710260918 16.26088551007517 7.6199999999999992 0.9949685182509117 0.1001880616120763 2.2e-16 2.2110135650690933e-16 1.1090076876509421e-19 -1 -0.1001880616120763 0.9949685182509117 -2.2041373554656786e-17 
1 -3.6306052785952772 16.902341235361071 -0.99000000000000332 -0.95149312603684133 -0.095810319810346142 0.29237170472273677 0.29090064182647446 0.029292154366389277 0.95630475596303544 -0.10018806161207625 0.99496851825091182 2.7755575615628914e-17 
1 0 -5.9611810253058826 -3.5902593658882722 -0 -0.10018806161207626 0.9949685182509117 0 0.9949685182509117 0.10018806161207626 -1 0 0 
1 -3.3294547995116606 16.932665494068246 -3.7600000000000004e-15 -0.95149312603684111 -0.095810319810346253 -0.29237170472273721 -0.2909006418264749 -0.029292154366389274 0.95630475596303532 -0.10018806161207636 0.99496851825091182 -1.1449174941446927e-16 
1 -3.6306052785952776 16.902341235361071 0.98999999999999644 -0.71572045526185435 -0.07206926023634759 -0.69465837045899737 -0.6911632095461816 -0.069596475618890374 0.71933980033865119 -0.1001880616120763 0.99496851825091182 -2.4286128663675299e-16 
Triangulations 0

TShapes 32
Co

0100000
*
Ve
1e-07
-7.62 -8.02187942207198 0
0 0

0101101
*
Ed
 1e-07 1 1 0
1  1 0 0 40.3119931776595
2  1 1 0 0 40.3119931776595
2  2 2 0 0 40.3119931776595
0

0101000
+31 8 -31 10 *
Ve
1e-07
-0.989999999999999 -1.61936284510108 0
0 0

0101101
*
Ed
 1e-07 1 1 0
1  2 0 0 40.3119931776595
2  3 3 0 0 40.3119931776595
2  4 1 0 0 40.3119931776595
0

0101000
+29 8 -29 10 *
Ed
 1e-07 1 1 0
1  3 0 0 9.21678460844058
2  5 1 11 0 9.21678460844058
2  6 1 12 0 9.21678460844058
2  7 4 13 0 9.21678460844058
0

0101000
+31 0 -29 0 *
Wi

0101100
+30 0 -28 0 -27 8 +27 10 *
Fa
0  1e-07 1 0

0111000
+26 0 *
Ve
1e-07
0 -1.31668947045701 0
0 0

0101101
*
Ed
 1e-07 1 1 0
1  4 0 0 40.3119931776595
2  8 3 0 0 40.3119931776595
2  9 5 0 0 40.3119931776595
0

0101000
+24 8 -24 10 *
Ed
 1e-07 1 1 0
1  5 0 0 1.03523483892228
2  10 3 11 0 1.03523483892228
2  11 3 12 0 1.03523483892228
2  12 4 13 0 1.03523483892228
0

0101000
+29 0 -24 0 *
Wi

0101100
+28 0 -23 0 -22 8 +22 10 *
Fa
0  1e-07 3 0

0111000
+21 0 *
Ve
1e-07
0.99 -1.61936284510108 0
0 0

0101101
*
Ed
 1e-07 1 1 0
1  6 0 0 40.3119931776595
2  13 5 0 0 40.3119931776595
2  14 6 0 0 40.3119931776595
0

0101000
+19 8 -19 10 *
Ed
 1e-07 1 1 0
1  7 0 0 1.03523483892228
2  15 5 11 0 1.03523483892228
2  16 5 12 0 1.03523483892228
2  17 4 13 0 1.03523483892228
0

0101000
+24 0 -19 0 *
Wi

0101100
+23 0 -18 0 -17 8 +17 10 *
Fa
0  1e-07 5 0

0111000
+16 0 *
Ve
1e-07
7.62 -8.02187942207198 0
0 0

0101101
*
Ed
 1e-07 1 1 0
1  8 0 0 40.3119931776595
2  18 6 0 0 40.3119931776595
2  19 2 0 0 40.3119931776595
0

0101000
+14 8 -14 10 *
Ed
 1e-07 1 1 0
1  9 0 0 9.21678460844058
2  20 6 11 0 9.21678460844058
2  21 6 12 0 9.21678460844058
2  22 4 13 0 9.21678460844058
0

0101000
+19 0 -14 0 *
Wi

0101100
+18 0 -13 0 -12 8 +12 10 *
Fa
0  1e-07 6 0

0111000
+11 0 *
Ed
 1e-07 1 1 0
1  10 0 0 15.24
2  23 2 11 0 15.24
2  24 2 12 0 15.24
2  25 4 13 0 15.24
0

0101000
+14 0 -31 0 *
Wi

0101100
+13 0 -30 0 -9 8 +9 10 *
Fa
0  1e-07 2 0

0111000
+8 0 *
Wi

0101100
+27 0 +22 0 +17 0 +12 0 +9 0 *
Fa
0  1e-07 4 0

0111000
-6 15 *
Sh

0101100
-25 0 -20 0 -15 0 -10 0 -7 0 +5 14 -5 16 *
So

0100000
+4 0 *
Co

0100000
+3 3 +3 18 +3 20 *
Co

1100000
+32 0 +2 0 *

+1 0 ]]>
      </Part>
      <ElementMap count="111">
<![CDATA[
Edge1	#ec;:T-1891:3:E 4 1 31 47 236
Edge10	#f2;:T-1891:3:E 5 11 37 41 97 242
Edge11	#f3;:T-1891:3:E 4 2 32 46 243
Edge12	#f4;:T-1891:3:E 3 12 38 244
Edge13	#f5;:T-1891:3:E 5 12 38 42 98 245
Edge14	#f6;:T-1891:3:E 3 29 39 246
Edge15	#f7;:T-1891:3:E 5 29 39 43 99 247
Edge16	#10a;:T-1891:4:E 4 1 31 47 266
Edge17	#8b;:T-1891:3:E 4 3 33 48 139
Edge18	#10b;:T-1891:4:E 3 9 30 267
Edge19	#10c;:T-1891:4:E 5 9 30 44 95 268
Edge2	#9d;:T-1891:3:E 4 3 33 48 157
Edge20	#8f;:T-1891:3:E 4 5 34 49 143
Edge21	#10d;:T-1891:4:E 3 10 36 269
Edge22	#10e;:T-1891:4:E 5 10 36 45 96 270
Edge23	#b7;:T-1891:3:E 4 7 35 50 183
Edge24	#10f;:T-1891:4:E 3 11 37 271
Edge25	#110;:T-1891:4:E 5 11 37 41 97 272
Edge26	#111;:T-1891:4:E 4 2 32 46 273
Edge27	#112;:T-1891:4:E 3 12 38 274
Edge28	#113;:T-1891:4:E 5 12 38 42 98 275
Edge29	#114;:T-1891:4:E 3 29 39 276
Edge3	#ed;:T-1891:3:E 3 9 30 237
Edge30	#115;:T-1891:4:E 5 29 39 43 99 277
Edge31	#128;:T-1891:4:E 4 1 31 47 296
Edge32	#ad;:T-1891:3:E 4 3 33 48 173
Edge33	#129;:T-1891:4:E 3 9 30 297
Edge34	#12a;:T-1891:4:E 5 9 30 44 95 298
Edge35	#aa;:T-1891:3:E 4 5 34 49 170
Edge36	#12b;:T-1891:4:E 3 10 36 299
Edge37	#12c;:T-1891:4:E 5 10 36 45 96 300
Edge38	#ac;:T-1891:3:E 4 7 35 50 172
Edge39	#12d;:T-1891:4:E 3 11 37 301
Edge4	#ee;:T-1891:3:E 5 9 30 44 95 238
Edge40	#12e;:T-1891:4:E 5 11 37 41 97 302
Edge41	#12f;:T-1891:4:E 4 2 32 46 303
Edge42	#130;:T-1891:4:E 3 12 38 304
Edge43	#131;:T-1891:4:E 5 12 38 42 98 305
Edge44	#132;:T-1891:4:E 3 29 39 306
Edge45	#133;:T-1891:4:E 5 29 39 43 99 307
Edge5	#9a;:T-1891:3:E 4 5 34 49 154
Edge6	#ef;:T-1891:3:E 3 10 36 239
Edge7	#f0;:T-1891:3:E 5 10 36 45 96 240
Edge8	#9c;:T-1891:3:E 4 7 35 50 156
Edge9	#f1;:T-1891:3:E 3 11 37 241
Face1	#a2;:T-1891:3:F 4 9 30 44 162
Face10	#8a;:T-1891:3:F 4 11 37 41 138
Face11	#b4;:T-1891:3:F 4 12 38 42 180
Face12	#116;:T-1891:4:F 4 29 39 43 278
Face13	#117;:T-1891:4:F 3 30 40 279
Face14	#118;:T-1891:4:F 4 30 40 100 280
Face15	#b1;:T-1891:3:F 4 9 30 44 177
Face16	#88;:T-1891:3:F 4 10 36 45 136
Face17	#86;:T-1891:3:F 4 11 37 41 134
Face18	#a8;:T-1891:3:F 4 12 38 42 168
Face19	#134;:T-1891:4:F 4 29 39 43 308
Face2	#9f;:T-1891:3:F 4 10 36 45 159
Face20	#135;:T-1891:4:F 3 30 40 309
Face21	#136;:T-1891:4:F 4 30 40 100 310
Face3	#99;:T-1891:3:F 4 11 37 41 153
Face4	#97;:T-1891:3:F 4 12 38 42 151
Face5	#f8;:T-1891:3:F 4 29 39 43 248
Face6	#f9;:T-1891:3:F 3 30 40 249
Face7	#fa;:T-1891:3:F 4 30 40 100 250
Face8	#93;:T-1891:3:F 4 9 30 44 147
Face9	#8e;:T-1891:3:F 4 10 36 45 142
Vertex1	#dd;:T-1891:3:V 3 1 31 221
Vertex1	#de;:T-1891:3:V 3 27 85 222
Vertex10	#eb;:T-1891:3:V 5 2 32 46 94 235
Vertex11	#fb;:T-1891:3:V 3 1 31 251
Vertex11	#fc;:T-1891:3:V 3 27 85 252
Vertex12	#fd;:T-1891:3:V 5 1 31 47 86 253
Vertex13	#fe;:T-1891:3:V 3 3 33 254
Vertex13	#ff;:T-1891:3:V 3 4 87 255
Vertex14	#100;:T-1891:4:V 5 3 33 48 88 256
Vertex15	#101;:T-1891:4:V 3 5 34 257
Vertex15	#102;:T-1891:4:V 3 6 89 258
Vertex16	#103;:T-1891:4:V 5 5 34 49 90 259
Vertex17	#104;:T-1891:4:V 3 7 35 260
Vertex17	#105;:T-1891:4:V 3 8 91 261
Vertex18	#106;:T-1891:4:V 5 7 35 50 92 262
Vertex19	#107;:T-1891:4:V 3 2 32 263
Vertex19	#108;:T-1891:4:V 3 28 93 264
Vertex2	#df;:T-1891:3:V 5 1 31 47 86 223
Vertex20	#109;:T-1891:4:V 5 2 32 46 94 265
Vertex21	#119;:T-1891:4:V 3 1 31 281
Vertex21	#11a;:T-1891:4:V 3 27 85 282
Vertex22	#11b;:T-1891:4:V 5 1 31 47 86 283
Vertex23	#11c;:T-1891:4:V 3 3 33 284
Vertex23	#11d;:T-1891:4:V 3 4 87 285
Vertex24	#11e;:T-1891:4:V 5 3 33 48 88 286
Vertex25	#11f;:T-1891:4:V 3 5 34 287
Vertex25	#120;:T-1891:4:V 3 6 89 288
Vertex26	#121;:T-1891:4:V 5 5 34 49 90 289
Vertex27	#122;:T-1891:4:V 3 7 35 290
Vertex27	#123;:T-1891:4:V 3 8 91 291
Vertex28	#124;:T-1891:4:V 5 7 35 50 92 292
Vertex29	#125;:T-1891:4:V 3 2 32 293
Vertex29	#126;:T-1891:4:V 3 28 93 294
Vertex3	#e0;:T-1891:3:V 3 3 33 224
Vertex3	#e1;:T-1891:3:V 3 4 87 225
Vertex30	#127;:T-1891:4:V 5 2 32 46 94 295
Vertex4	#e2;:T-1891:3:V 5 3 33 48 88 226
Vertex5	#e3;:T-1891:3:V 3 5 34 227
Vertex5	#e4;:T-1891:3:V 3 6 89 228
Vertex6	#e5;:T-1891:3:V 5 5 34 49 90 229
Vertex7	#e6;:T-1891:3:V 3 7 35 230
Vertex7	#e7;:T-1891:3:V 3 8 91 231
Vertex8	#e8;:T-1891:3:V 5 7 35 50 92 232
Vertex9	#e9;:T-1891:3:V 3 2 32 233
Vertex9	#ea;:T-1891:3:V 3 28 93 234
]]>
      </ElementMap>
    </Property>
    <Property name="Angle" type="App::PropertyAngle">
      <Float value="360"/>
    </Property>
    <Property name="Axis" type="App::PropertyLinkSub">
      <LinkSub value="Z_Axis" count="1">
        <Sub value=""/>
      </LinkSub>
    </Property>
    <Property name="BaseFeature" type="App::PropertyLink" status="8">
      <Link value="Pocket001"/>
    </Property>
    <Property name="ColoredElements" type="App::PropertyLinkSubHidden" status="218103808">
      <LinkSub value="" count="0">
      </LinkSub>
    </Property>
    <Property name="CopyShape" type="App::PropertyBool">
      <Bool value="false"/>
    </Property>
    <Property name="ExpressionEngine" type="App::PropertyExpressionEngine" status="67108864">
      <ExpressionEngine count="0"></ExpressionEngine>
    </Property>
    <Property name="Label" type="App::PropertyString" status="134217728">
      <String value="PolarPattern"/>
    </Property>
    <Property name="Label2" type="App::PropertyString" status="128">
      <String value=""/>
    </Property>
    <Property name="NewSolid" type="App::PropertyBool">
      <Bool value="false"/>
    </Property>
    <Property name="Occurrences" type="App::PropertyInteger">
      <Integer value="4"/>
    </Property>
    <Property name="OriginalSubs" type="App::PropertyLinkSubList">
      <LinkSubList count="1">
        <Link obj="Pocket001" sub=""/>
      </LinkSubList>
    </Property>
    <Property name="Originals" type="App::PropertyLinkList" status="8">
      <LinkList count="1">
        <Link value="Pocket001"/>
      </LinkList>
    </Property>
    <Property name="ParallelTransform" type="App::PropertyBool">
      <Bool value="true"/>
    </Property>
    <Property name="Placement" type="App::PropertyPlacement" status="8388620">
      <PropertyPlacement Px="0" Py="0" Pz="0" Q0="0.5" Q1="0.5" Q2="0.5" Q3="0.5000000000000001" A="2.094395102393195" Ox="0.5773502691896258" Oy="0.5773502691896258" Oz="0.5773502691896258"/>
    </Property>
    <Property name="Refine" type="App::PropertyBool">
      <Bool value="false"/>
    </Property>
    <Property name="Reversed" type="App::PropertyBool">
      <Bool value="false"/>
    </Property>
    <Property name="Shape" type="Part::PropertyPartShape">
      <Part HasherIndex="0" ElementMap="1.15.70200.3.0" brep="1">
<![CDATA[

CASCADE Topology V1, (c) Matra-Datavision
Locations 25
1
              0              -0               1               0 
              1               0               0               0 
             -0               1               0               0 
1
              0              -0               1               0 
              1               0               0               0 
             -0               1               0               0 
1
             -0               0               1               0 
              1              -0               0               0 
              0               1              -0               0 
1
              1               0               0               0 
              0               1               0               0 
              0               0               1               0 
2  2 1 3 -1 4 1 0
1
              1               0               0               0 
              0               1               0               0 
              0               0               1               0 
1
              0              -0               1               0 
              1               0              -0               0 
             -0               1               0               0 
1
             -0               0               1               0 
              1              -0               0               0 
              0               1              -0               0 
2  6 1 7 1 8 -1 0
2  6 1 7 1 8 -1 2 1 3 -1 4 1 0
2  8 1 7 -1 6 -1 0
2  4 -1 3 1 2 -1 8 1 7 -1 6 -1 0
1
              1              -0               0               0 
              0               1              -0               0 
             -0               0               1               0 
1
             -1           1e-15          -1e-30               0 
          1e-15               1          -1e-15               0 
             -0          -1e-15              -1               0 
2  13 1 14 1 0
2  4 -1 3 1 2 -1 0
1
              0           1e-15               1               0 
             -0               1          -1e-15               0 
             -1               0               0               0 
2  13 1 17 1 0
2  3 1 2 -1 0
2  2 1 3 -1 0
1
             -0               0              -1               0 
          1e-15               1               0               0 
              1          -1e-15              -0               0 
2  13 1 21 1 0
2  14 -1 13 -1 0
2  17 -1 13 -1 0
2  21 -1 13 -1 0
Curve2ds 93
1 0 0 1 0 
1 6.2831853071795862 0 0 1 
1 0 0 0 1 
8 0.31880570601343983 1.0274099780729582
7 0 0  7 8 2  0 1.4618688527447099  0.09170342190595715 1.5053921234125813  0.18022153327726897 1.5655810366185392  0.26435672129057508 1.6431640875068751  0.34324446567891442 1.7392880241629882  0.41652351061973292 1.8555489374563194  0.48415117820341091 1.9940561280371019  0.54628583465789138 2.1575459465626157 
 0.31880570601343983 8 1.0274099780729582 8
8 0.31880570601343983 1.0274099780729582
5 1.394846879505629 -21.017085621825284 0.029427532507001569 0.99956691638456574 -0.99956691638456574 0.029427532507001569 0.62541683027991368 1.1692924760562395
1 0 2.1575459465626201 1 0 
1 0 -9.9999999999999998e-17 1 0 
8 -1.0274099780729546 -0.23316463508949217
7 0 0  7 8 2  1.0245104921370045 2.1575459465626237  1.0941546693918429 1.9742969426980326  1.1706999485117535 1.8224342210911004  1.2543686446762194 1.6981045897109652  1.3450685940823632 1.5984444205250838  1.4421763836596142 1.521378697134935  1.5442104836514905 1.4655179887465544  1.6492791066851211 1.4301178410777289 
 -1.0274099780729546 8 -0.23316463508949217 8
8 -1.0274099780729546 -0.23316463508949217
5 -0.35961204058333535 -21.017085621825281 -0.029427532507003043 0.99956691638456574 -0.99956691638456574 -0.029427532507003043 0.62541683027991546 1.1692924760562426
8 0.23316463508949278 1.0274099780729595
7 0 0  7 8 2  1.4923135469046724 1.430117841077724  1.5973821699383035 1.4655179887465497  1.6994162699302251 1.5213786971345939  1.7965240595067371 1.5984444205259933  1.8872240089146999 1.6981045897102831  1.9708927050778584 1.8224342210913278  2.0474379841979529 1.9742969426980315  2.1170821614527915 2.1575459465626241 
 0.23316463508949278 8 1.0274099780729595 8
8 0.23316463508949278 1.0274099780729595
5 1.3948468795056295 -21.017085621825281 0.029427532507001499 0.99956691638456574 -0.99956691638456574 0.029427532507001499 0.62541683027991313 1.1692924760562384
8 -1.0274099780729591 -0.23316463508949398
7 0 0  7 8 2  2.5953068189318982 2.1575459465626228  2.6649509961867368 1.9742969426980306  2.7414962753065311 1.8224342210914415  2.8251649714709401 1.6981045897105105  2.9158649208775387 1.5984444205255386  3.0129727104545054 1.5213786971345371  3.1150068104463848 1.4655179887465499  3.2200754334800159 1.430117841077724 
 -1.0274099780729591 8 -0.23316463508949398 8
8 -1.0274099780729591 -0.23316463508949398
5 -0.35961204058333729 -21.017085621825281 -0.02942753250700296 0.99956691638456574 -0.99956691638456574 -0.02942753250700296 0.62541683027991291 1.169292476056238
8 0.23316463508949486 1.0274099780729598
7 0 0  7 8 2  3.0631098736995712 1.4301178410777227  3.1681784967332023 1.4655179887465486  3.2702125967249458 1.5213786971346508  3.3673203863031631 1.5984444205250838  3.4580203357090795 1.6981045897109652  3.5416890318729202 1.8224342210911004  3.6182343109928494 1.9742969426980295  3.687878488247688 2.1575459465626214 
 0.23316463508949486 8 1.0274099780729598 8
8 0.23316463508949486 1.0274099780729598
5 1.3948468795056246 -21.017085621825281 0.029427532507001478 0.99956691638456574 -0.99956691638456574 0.029427532507001478 0.62541683027991257 1.1692924760562371
8 -1.0274099780729538 -0.23316463508949864
7 0 0  7 8 2  4.1661031457267974 2.1575459465626232  4.2357473229816351 1.9742969426980337  4.3122926021015928 1.8224342210910436  4.3959612982657745 1.6981045897116473  4.4866612476721457 1.5984444205246291  4.5837690372495672 1.521378697134935  4.6858031372412787 1.465517988746557  4.790871760274908 1.4301178410777307 
 -1.0274099780729538 8 -0.23316463508949864 8
8 -1.0274099780729538 -0.23316463508949864
5 -0.35961204058333512 -21.017085621825288 -0.029427532507003022 0.99956691638456574 -0.99956691638456574 -0.029427532507003022 0.62541683027991612 1.1692924760562442
8 0.23316463508949534 1.0274099780729586
7 0 0  7 8 2  4.6339062004944678 1.4301178410777255  4.7389748235280988 1.4655179887465515  4.8410089235212581 1.5213786971347076  4.9381167130945869 1.5984444205250838  5.0288166625068698 1.6981045897111926  5.1124853586668451 1.8224342210913846  5.1890306377877451 1.9742969426980332  5.2586748150425837 2.157545946562625 
 0.23316463508949534 8 1.0274099780729586 8
8 0.23316463508949534 1.0274099780729586
5 1.3948468795056299 -21.017085621825281 0.029427532507001249 0.99956691638456574 -0.99956691638456574 0.029427532507001249 0.6254168302799139 1.1692924760562398
8 -1.0274099780729546 -0.3188057060134396
7 0 0  7 8 2  5.736899472521694 2.157545946562625  5.7990341289761744 1.9940561280371123  5.8666617965593559 1.8555489374565468  5.9399408415019934 1.7392880241620787  6.0188285858903328 1.6431640875071025  6.1029637739011378 1.565581036618255  6.1914818852736291 1.505392123412588  6.2831853071795862 1.4618688527447166 
 -1.0274099780729546 8 -0.3188057060134396 8
8 -1.0274099780729546 -0.3188057060134396
5 -0.35961204058333607 -21.017085621825284 -0.029427532507002811 0.99956691638456574 -0.99956691638456574 -0.029427532507002811 0.62541683027991557 1.1692924760562431
1 0 0 2.5999999999999998e-16 -1 
1 9.2167846084405838 2.0000000000000002e-15 3.1000000000000001e-16 -1 
8 -0.49965463039796826 0.53602874602542538
1 1.8718797743058788 0.47761516246618801 0.29372294496468337 0.95589059604186588 
8 -0.49965463039796826 0.53602874602542538
1 0.53579660075811986 -15.998532194850055 -0.99956691638456585 0.029427532507001829 
1 1.0352348389222761 -4.2000000000000002e-16 2.5999999999999998e-16 -1 
1 0 0 1.2e-16 -1 
8 1.2259427582472218 1.288944989327913
7 0 0  5 6 2  0.54628583465789315 -1.7899999999999999e-15  0.55233599990386939 0.04098798727771797  0.55831356018590039 0.082743249149415554  0.56421902680247626 0.12527934340146341  0.57005295661810973 0.16861033518784183  0.57581594373685219 0.21275082495980416 
 1.2259427582472218 6 1.288944989327913 6
8 1.2259427582472218 1.288944989327913
5 1.3215639821018756 -23.506290578583652 0.029427532507001569 0.99956691638456574 -0.99956691638456574 0.029427532507001569 1.8784094972410312 0.91469497158148783
8 2.894341283969224 3.6194831317442984
7 0 0  6 7 2  0.54636836282000212 2.09e-15  0.55935445898414848 0.50476607464635348  0.57049815486627153 1.0831879478661932  0.5801169206676775 1.7485315771324395  0.58846045689805493 2.517313595112725  0.59572845813162645 3.410375049625622  0.60208324946372938 4.4551798475449944 
 2.894341283969224 7 3.6194831317442984 7
8 2.894341283969224 3.6194831317442984
5 10.793345784709594 -23.88001468543732 0.069777924046068196 0.99756255007684658 -0.99756255007684658 0.069777924046068196 0.41601196673135937 0.20469247446084965
1 0 4.45517984754499 1 0 
2 0 0 1 -0 0 1 3.8928915049854664
8 -3.6194831317442553 -2.8943412839691804
7 0 0  6 7 2  0.96871307733116763 4.4551798475449909  0.97506786866327078 3.4103750496256184  0.9823358698968363 2.5173135951127534  0.9906794061271853 1.7485315771324679  1.0002981719286339 1.0831879478662216  1.0114418678107506 0.50476607464634982  1.0244279639748974 -9.8999999999999992e-16 
 -3.6194831317442553 7 -2.8943412839691804 7
8 -3.6194831317442553 -2.8943412839691804
5 -1.5765611762689937 -23.880014685437317 -0.069777924046069389 0.99756255007684658 -0.99756255007684658 -0.069777924046069389 0.41601196673137691 0.20469247446085836
8 -1.2889449893279086 -1.2259427582472175
7 0 0  5 6 2  0.9949803830580457 0.21275082495980258  1.0007433701767883 0.16861033518784052  1.0065772999924256 0.12527934340146385  1.0124827666089988 0.082743249149414444  1.0184603268910288 0.040987987277718053  1.024510492137005 -1.49e-15 
 -1.2889449893279086 6 -1.2259427582472175 6
8 -1.2889449893279086 -1.2259427582472175
5 -0.28632914317957803 -23.506290578583656 -0.029427532507003043 0.99956691638456574 -0.99956691638456574 -0.029427532507003043 1.8784094972410375 0.91469497158149071
8 -1.0534219938631195 -0.017738617439731409
1 -0.016956177597427211 1.71990950584615 -0.95589059604186599 -0.29372294496468287 
8 -1.0534219938631195 -0.017738617439731409
1 -0.017730935135157781 -16.013757801469705 -0.99956691638456574 -0.029427532507002915 
1 1.0352348389222767 4.1000000000000001e-16 1.2e-16 -1 
1 0 0 -4.0000000000000003e-17 -1 
8 -0.49965463039796776 0.53602874602542583
1 -0.47761516246618774 1.8718797743058793 -0.95589059604186588 0.2937229449646836 
8 -0.49965463039796776 0.53602874602542583
1 0.5357966007581203 -15.998532194850057 -0.99956691638456585 0.029427532507001749 
8 1.2259427582472244 1.288944989327915
7 0 0  5 6 2  2.1170821614527906 0  2.1231323266987667 0.040987987277719372  2.1291098869807925 0.082743249149415776  2.1350153535973817 0.12527934340146341  2.1408492834130066 0.16861033518784169  2.1466122705317492 0.21275082495980355 
 1.2259427582472244 6 1.288944989327915 6
8 1.2259427582472244 1.288944989327915
5 1.3215639821018761 -23.506290578583652 0.029427532507001499 0.99956691638456574 -0.99956691638456574 0.029427532507001499 1.8784094972410275 0.91469497158148572
8 2.8943412839692351 3.6194831317443095
7 0 0  6 7 2  2.1171646896148992 2.7799999999999998e-15  2.1301507857790454 0.50476607464635415  2.1412944816612196 1.0831879478662216  2.150913247462455 1.7485315771324963  2.1592567836930243 2.5173135951127392  2.1665247849265232 3.4103750496256247  2.1728795762586262 4.4551798475449971 
 2.8943412839692351 7 3.6194831317443095 7
8 2.8943412839692351 3.6194831317443095
5 10.793345784709594 -23.880014685437324 0.069777924046068251 0.99756255007684669 -0.99756255007684669 0.069777924046068251 0.41601196673135482 0.2046924744608474
8 -3.6194831317442766 -2.8943412839692022
7 0 0  6 7 2  2.5395094041260631 4.4551798475449935  2.545864195458166 3.4103750496256211  2.5531321966917346 2.5173135951127819  2.5614757329220197 1.7485315771323826  2.5710944987235109 1.0831879478662358  2.5822381946056447 0.50476607464635259  2.5952242907697913 1.59e-15 
 -3.6194831317442766 7 -2.8943412839692022 7
8 -3.6194831317442766 -2.8943412839692022
5 -1.5765611762689942 -23.880014685437317 -0.069777924046069265 0.99756255007684658 -0.99756255007684658 -0.069777924046069265 0.4160119667313682 0.20469247446085406
8 -1.2889449893279117 -1.2259427582472244
7 0 0  5 6 2  2.5657767098529409 0.2127508249597963  2.5715396969716831 0.16861033518783691  2.5773736267873204 0.1252793434014563  2.5832790934038954 0.082743249149417331  2.5892566536859225 0.040987987277721412  2.5953068189318982 4.1700000000000003e-15 
 -1.2889449893279117 6 -1.2259427582472244 6
8 -1.2889449893279117 -1.2259427582472244
5 -0.28632914317958047 -23.506290578583648 -0.02942753250700296 0.99956691638456574 -0.99956691638456574 -0.02942753250700296 1.8784094972410292 0.91469497158148672
8 -1.0534219938631211 -0.017738617439732891
1 -1.7199095058461451 -0.01695617759742539 0.29372294496468326 -0.95589059604186599 
8 -1.0534219938631211 -0.017738617439732891
1 -0.017730935135159259 -16.013757801469705 -0.99956691638456574 -0.029427532507002953 
8 -0.49965463039796998 0.53602874602542339
1 -1.8718797743058757 -0.47761516246618602 -0.29372294496468315 -0.95589059604186588 
8 -0.49965463039796998 0.53602874602542339
1 0.53579660075811797 -15.998532194850059 -0.99956691638456574 0.029427532507001471 
8 1.2259427582472264 1.2889449893279163
7 0 0  5 6 2  3.687878488247688 4.1700000000000003e-15  3.6939286534936642 0.040987987277723147  3.6999062137756979 0.082743249149421549  3.70581168039228 0.12527934340146585  3.7116456102079041 0.16861033518784424  3.7174085973266466 0.21275082495980563 
 1.2259427582472264 6 1.2889449893279163 6
8 1.2259427582472264 1.2889449893279163
5 1.3215639821018716 -23.506290578583645 0.029427532507001478 0.99956691638456574 -0.99956691638456574 0.029427532507001478 1.8784094972410255 0.91469497158148483
8 2.8943412839692249 3.6194831317442993
7 0 0  6 7 2  3.6879610164097949 5.9999999999999999e-16  3.7009471125739415 0.50476607464635148  3.7120908084559687 1.0831879478661932  3.7217095742575452 1.7485315771325531  3.730053110487745 2.5173135951127108  3.7373211117214198 3.4103750496256207  3.7436759030535227 4.4551798475449926 
 2.8943412839692249 7 3.6194831317442993 7
8 2.8943412839692249 3.6194831317442993
5 10.79334578470959 -23.880014685437317 0.069777924046068154 0.99756255007684669 -0.99756255007684669 0.069777924046068154 0.41601196673135876 0.20469247446084937
8 -3.6194831317442446 -2.8943412839691698
7 0 0  6 7 2  4.1103057309209605 4.4551798475449917  4.1166605222530634 3.4103750496256193  4.1239285234865974 2.5173135951127819  4.1322720597170814 1.7485315771323826  4.1418908255183737 1.0831879478662358  4.153034521400544 0.50476607464635226  4.1660206175646906 1.3899999999999999e-15 
 -3.6194831317442446 7 -2.8943412839691698 7
8 -3.6194831317442446 -2.8943412839691698
5 -1.5765611762689959 -23.880014685437317 -0.069777924046069181 0.99756255007684669 -0.99756255007684669 -0.069777924046069181 0.41601196673138141 0.20469247446086061
8 -1.2889449893279052 -1.2259427582472138
7 0 0  5 6 2  4.1365730366478397 0.21275082495980593  4.1423360237665818 0.16861033518784357  4.1481699535822187 0.12527934340146119  4.1540754201987937 0.082743249149420217  4.1600529804808231 0.040987987277719892  4.1661031457267992 9.9999999999999998e-17 
 -1.2889449893279052 6 -1.2259427582472138 6
8 -1.2889449893279052 -1.2259427582472138
5 -0.28632914317957819 -23.506290578583652 -0.029427532507003022 0.99956691638456574 -0.99956691638456574 -0.029427532507003022 1.8784094972410437 0.91469497158149393
8 -1.0534219938631195 -0.017738617439731472
1 0.016956177597427461 -1.7199095058461498 0.95589059604186599 0.29372294496468299 
8 -1.0534219938631195 -0.017738617439731472
1 -0.017730935135157829 -16.013757801469708 -0.99956691638456574 -0.029427532507002894 
8 -0.49965463039796587 0.53602874602542749
1 0.47761516246618618 -1.8718797743058779 0.95589059604186588 -0.29372294496468343 
8 -0.49965463039796587 0.53602874602542749
1 0.53579660075812208 -15.998532194850059 -0.99956691638456574 0.02942753250700151 
8 1.2259427582472222 1.2889449893279128
7 0 0  5 6 2  5.2586748150425837 1.7899999999999999e-15  5.2647249802885598 0.040987987277721127  5.2707025405706034 0.082743249149418219  5.2766080071871642 0.12527934340146452  5.2824419370028002 0.1686103351878438  5.2882049241215423 0.21275082495980563 
 1.2259427582472222 6 1.2889449893279128 6
8 1.2259427582472222 1.2889449893279128
5 1.3215639821018774 -23.506290578583656 0.029427532507001249 0.99956691638456574 -0.99956691638456574 0.029427532507001249 1.8784094972410321 0.91469497158148816
8 2.8943412839692177 3.6194831317442926
7 0 0  6 7 2  5.2587573432046915 -9.9999999999999998e-17  5.271743439368838 0.50476607464635115  5.2828871352509736 1.0831879478662358  5.2925059010522091 1.7485315771323826  5.3008494372828068 2.5173135951127819  5.3081174385163159 3.4103750496256198  5.3144722298484188 4.4551798475449926 
 2.8943412839692177 7 3.6194831317442926 7
8 2.8943412839692177 3.6194831317442926
5 10.793345784709597 -23.880014685437317 0.069777924046067849 0.99756255007684669 -0.99756255007684669 0.069777924046067849 0.41601196673136165 0.20469247446085082
8 -3.6194831317442535 -2.8943412839691787
7 0 0  6 7 2  5.6811020577158571 4.4551798475449926  5.68745684904796 3.4103750496256202  5.6947248502816592 2.517313595112725  5.7030683865117453 1.7485315771324963  5.7126871523133786 1.083187947866179  5.7238308481954405 0.50476607464635237  5.7368169443595871 1.19e-15 
 -3.6194831317442535 7 -2.8943412839691787 7
8 -3.6194831317442535 -2.8943412839691787
5 -1.5765611762689957 -23.880014685437317 -0.069777924046069112 0.99756255007684669 -0.99756255007684669 -0.069777924046069112 0.4160119667313778 0.20469247446085878
8 -1.2889449893279077 -1.2259427582472162
7 0 0  5 6 2  5.7073693634427354 0.21275082495980613  5.7131323505614775 0.16861033518784374  5.7189662803771313 0.1252793434014623  5.7248717469936921 0.082743249149420217  5.7308493072757187 0.040987987277720031  5.7368994725216949 2e-16 
 -1.2889449893279077 6 -1.2259427582472162 6
8 -1.2889449893279077 -1.2259427582472162
5 -0.28632914317957953 -23.506290578583648 -0.029427532507002811 0.99956691638456574 -0.99956691638456574 -0.029427532507002811 1.8784094972410401 0.91469497158149227
8 -1.0534219938631211 -0.01773861743973314
1 1.7199095058461493 0.016956177597428689 -0.2937229449646831 0.95589059604186599 
8 -1.0534219938631211 -0.01773861743973314
1 -0.017730935135159508 -16.013757801469705 -0.99956691638456574 -0.029427532507002672 
8 -4.0928951467405508 -1.4171599913003008
1 4.8799001429703361 3.9270060805531912 0.69646944878767736 0.71758644559759421 
8 -4.0928951467405508 -1.4171599913003008
1 5.1338656886609435 -15.697164464823926 -0.99756255007684669 0.069777924046068487 
8 -4.0928951467405517 -1.4171599913002959
1 -4.8799001429703326 -3.927006080553189 -0.69646944878767703 -0.71758644559759444 
8 -4.0928951467405517 -1.4171599913002959
1 5.1338656886609417 -15.697164464823921 -0.99756255007684669 0.069777924046068154 
8 -3.1799995874522082 -0.50426443201195847
1 -1.6781189451675875 0.62814667859124973 0.69646944878767691 -0.71758644559759466 
8 -3.1799995874522082 -0.50426443201195847
1 -0.5030353127109034 -16.017944716737773 -0.99756255007684658 -0.069777924046069237 
8 -4.0928951467405499 -1.4171599913003021
1 -3.927006080553193 4.879900142970337 -0.71758644559759421 0.69646944878767725 
8 -4.0928951467405499 -1.4171599913003021
1 5.1338656886609435 -15.697164464823929 -0.99756255007684658 0.069777924046068543 
8 -3.1799995874522002 -0.50426443201195748
1 0.62814667859124718 1.6781189451675924 -0.71758644559759466 -0.6964694487876768 
8 -3.1799995874522002 -0.50426443201195748
1 -0.5030353127109024 -16.017944716737773 -0.99756255007684658 -0.069777924046069431 
8 -3.1799995874522042 -0.5042644320119597
1 1.6781189451675906 -0.62814667859124573 -0.69646944878767669 0.71758644559759477 
8 -3.1799995874522042 -0.5042644320119597
1 -0.50303531271090463 -16.017944716737773 -0.99756255007684658 -0.069777924046069098 
8 -4.0928951467405472 -1.4171599913002999
1 3.9270060805531903 -4.8799001429703353 0.71758644559759444 -0.69646944878767714 
8 -4.0928951467405472 -1.4171599913002999
1 5.1338656886609462 -15.697164464823926 -0.99756255007684669 0.069777924046068168 
8 -3.1799995874522033 -0.50426443201195925
1 -0.62814667859124595 -1.6781189451675906 0.71758644559759466 0.69646944878767691 
8 -3.1799995874522033 -0.50426443201195925
1 -0.50303531271090418 -16.017944716737773 -0.99756255007684658 -0.069777924046069181 
Curves 46
1 0 -4 0 0.88294759285892688 0.46947156278589092 0 
5 1.1191823569117232 -3.9681392336270171 -0.34389870471141903 0.951493126036841 -0.095810319810347183 -0.29237170472273688 0.091584183710474373 0.9953996095126012 -0.02814168929270389 0.29372294496468321 6.1756155744774333e-16 0.95589059604186588 0.62541683027991368 1.1692924760562395
2 -8.2999999999999998e-16 -2.9870935326848835 1.3299999999999999e-15 -2.8000000000000001e-16 -1 4.4e-16 1 -2.7999999999999992e-16 2.2e-16 -2.1999999999999988e-16 4.4000000000000005e-16 1 1.9050000000000005
5 -0.34389870471142486 -3.9681392336270118 1.119182356911731 -0.2923717047227371 -0.095810319810345684 0.95149312603684111 -0.028141689292702735 0.99539960951260131 0.091584183710473166 -0.95589059604186588 1.457167719820518e-16 -0.29372294496468332 0.62541683027991546 1.1692924760562426
5 0.34389870471142031 -3.9681392336270118 1.119182356911727 0.29237170472273688 -0.095810319810346281 0.95149312603684111 0.028141689292703616 0.99539960951260131 0.091584183710473513 -0.95589059604186588 6.1409211049578971e-16 0.29372294496468321 0.62541683027991313 1.1692924760562384
5 -1.1191823569117247 -3.9681392336270118 -0.34389870471141892 -0.951493126036841 -0.095810319810346239 -0.29237170472273721 -0.091584183710473402 0.99539960951260131 -0.028141689292703859 0.29372294496468354 -8.4307560932472825e-16 -0.95589059604186577 0.62541683027991291 1.169292476056238
5 -1.1191823569117241 -3.9681392336270136 0.3438987047114242 -0.95149312603684122 -0.095810319810346128 0.29237170472273677 -0.091584183710473749 0.99539960951260142 0.028141689292702367 -0.29372294496468299 -6.3143934525555778e-16 -0.9558905960418661 0.62541683027991257 1.1692924760562371
5 0.3438987047114222 -3.9681392336270171 -1.1191823569117259 0.29237170472273716 -0.095810319810346933 -0.95149312603684089 0.02814168929270339 0.99539960951260131 -0.091584183710474276 0.95589059604186588 -1.4224732503009818e-16 0.29372294496468349 0.62541683027991612 1.1692924760562442
5 -0.34389870471142348 -3.9681392336270154 -1.1191823569117223 -0.29237170472273682 -0.095810319810347155 -0.951493126036841 -0.028141689292702689 0.9953996095126012 -0.091584183710474706 0.95589059604186599 -6.1756155744774342e-16 -0.2937229449646831 0.6254168302799139 1.1692924760562398
5 1.119182356911727 -3.9681392336270118 0.34389870471142653 0.951493126036841 -0.095810319810346475 0.2923717047227371 0.091584183710474137 0.99539960951260131 0.028141689292702294 -0.29372294496468332 8.5001450322863548e-16 0.95589059604186588 0.62541683027991557 1.1692924760562431
1 -3.6306052785952772 16.902341235361071 -0.99000000000000332 0.1001880616120763 -0.9949685182509117 2.2e-16 
1 1.8718797743058793 1.0000000000000002 0.47761516246618807 0.29372294496468315 6.2999999999999998e-16 0.95589059604186599 
1 -3.3294547995116606 16.932665494068246 -3.7600000000000004e-15 0.1001880616120763 -0.9949685182509117 2.2e-16 
5 0.89111177922858431 -6.4469664150188812 -0.27381792139345479 0.951493126036841 -0.095810319810347183 -0.29237170472273688 0.091584183710474373 0.9953996095126012 -0.02814168929270389 0.29372294496468321 6.1756155744774333e-16 0.95589059604186588 1.8784094972410312 0.91469497158148783
5 0.14845181335740823 -6.7477984905526096 -0.14408320175900202 0.71572045526185424 -0.07206926023634877 -0.69465837045899737 0.051715924289849363 0.9973996299021699 -0.050194037951345694 0.69646944878767714 2.9143354396410359e-16 0.71758644559759444 0.41601196673135937 0.20469247446084965
2 2.8000000000000001e-16 0.99999999999999956 -4.4e-16 -2.8000000000000001e-16 -1 4.4e-16 1 -2.7999999999999992e-16 2.2e-16 -2.1999999999999988e-16 4.4000000000000005e-16 1 3.8928915049854664
5 -0.14408320175901598 -6.7477984905526078 0.14845181335742247 -0.69465837045899737 -0.072069260236346605 0.71572045526185435 -0.050194037951344167 0.99739962990217002 0.05171592428984783 -0.71758644559759444 -2.7061686225238196e-16 -0.69646944878767714 0.41601196673137691 0.20469247446085836
